rep,id,Cl,V1,Q,V2,AGE,ALB,BW,SCR,eGFR,ETHNI,SEX
1,1,0.914203,7.29748,3.34782,3.10827,49,0.469372918558116,76.4192449895671,1.15464869865076,77.4669171073192,1,1
2,1,0.987871,7.38026,5.26464,4.52611,49,0.469372918558116,76.4192449895671,1.15464869865076,77.4669171073192,1,1
3,1,0.941736,8.08676,2.95895,2.26763,49,0.469372918558116,76.4192449895671,1.15464869865076,77.4669171073192,1,1
4,1,0.858885,7.82633,1.59399,3.93499,49,0.469372918558116,76.4192449895671,1.15464869865076,77.4669171073192,1,1
5,1,0.930659,6.33189,4.5807,9.61556,49,0.469372918558116,76.4192449895671,1.15464869865076,77.4669171073192,1,1
6,1,0.787409,7.54709,3.01473,2.62579,49,0.469372918558116,76.4192449895671,1.15464869865076,77.4669171073192,1,1
7,1,1.06823,6.62388,3.5072,6.20701,49,0.469372918558116,76.4192449895671,1.15464869865076,77.4669171073192,1,1
8,1,0.911325,7.06114,7.69839,4.46701,49,0.469372918558116,76.4192449895671,1.15464869865076,77.4669171073192,1,1
9,1,0.866196,7.75366,4.24782,2.75604,49,0.469372918558116,76.4192449895671,1.15464869865076,77.4669171073192,1,1
10,1,0.838247,7.74035,2.53556,4.2417,49,0.469372918558116,76.4192449895671,1.15464869865076,77.4669171073192,1,1
1,2,1.40489,9.43947,2.48795,4.15319,50,0.47445920521927,69.0652363017031,0.797158669547285,89.9858817147125,2,0
2,2,1.26527,7.90686,4.07016,3.66575,50,0.47445920521927,69.0652363017031,0.797158669547285,89.9858817147125,2,0
3,2,1.34124,6.96586,4.08301,7.98596,50,0.47445920521927,69.0652363017031,0.797158669547285,89.9858817147125,2,0
4,2,1.40557,7.98379,3.73598,7.52355,50,0.47445920521927,69.0652363017031,0.797158669547285,89.9858817147125,2,0
5,2,1.37928,9.12587,3.99293,6.01325,50,0.47445920521927,69.0652363017031,0.797158669547285,89.9858817147125,2,0
6,2,1.46361,10.4802,4.55403,3.03374,50,0.47445920521927,69.0652363017031,0.797158669547285,89.9858817147125,2,0
7,2,1.40282,7.20922,3.93411,3.28414,50,0.47445920521927,69.0652363017031,0.797158669547285,89.9858817147125,2,0
8,2,1.28459,8.94979,4.79409,4.09826,50,0.47445920521927,69.0652363017031,0.797158669547285,89.9858817147125,2,0
9,2,1.55782,8.57158,4.46111,6.56754,50,0.47445920521927,69.0652363017031,0.797158669547285,89.9858817147125,2,0
10,2,1.57274,7.90383,5.1806,4.44784,50,0.47445920521927,69.0652363017031,0.797158669547285,89.9858817147125,2,0
1,3,0.64228,6.30306,4.76091,3.19203,73,0.47701341463223,62.3479111803239,0.911469298120792,88.8108143634423,3,1
2,3,0.788026,9.21966,4.82583,3.45552,73,0.47701341463223,62.3479111803239,0.911469298120792,88.8108143634423,3,1
3,3,0.765825,7.31273,3.92219,6.26081,73,0.47701341463223,62.3479111803239,0.911469298120792,88.8108143634423,3,1
4,3,0.696509,8.65296,5.86311,4.09405,73,0.47701341463223,62.3479111803239,0.911469298120792,88.8108143634423,3,1
5,3,0.670398,8.88143,5.10481,6.34734,73,0.47701341463223,62.3479111803239,0.911469298120792,88.8108143634423,3,1
6,3,0.724552,7.17472,3.74115,4.99617,73,0.47701341463223,62.3479111803239,0.911469298120792,88.8108143634423,3,1
7,3,0.722842,8.3553,2.31701,7.73206,73,0.47701341463223,62.3479111803239,0.911469298120792,88.8108143634423,3,1
8,3,0.695973,9.35951,7.67129,4.21557,73,0.47701341463223,62.3479111803239,0.911469298120792,88.8108143634423,3,1
9,3,0.649122,9.42613,3.3084,4.23253,73,0.47701341463223,62.3479111803239,0.911469298120792,88.8108143634423,3,1
10,3,0.73375,8.48889,4.32849,4.42062,73,0.47701341463223,62.3479111803239,0.911469298120792,88.8108143634423,3,1
1,4,0.890147,11.5923,3.40261,6.20007,66,0.417359517055458,67.6249363165485,1.04125889628009,78.9718912631381,4,1
2,4,0.923284,12.8507,2.51563,3.72551,66,0.417359517055458,67.6249363165485,1.04125889628009,78.9718912631381,4,1
3,4,0.85792,8.52332,3.32042,7.09,66,0.417359517055458,67.6249363165485,1.04125889628009,78.9718912631381,4,1
4,4,0.886412,9.62967,4.95169,8.11056,66,0.417359517055458,67.6249363165485,1.04125889628009,78.9718912631381,4,1
5,4,0.917098,10.077,5.91847,6.66237,66,0.417359517055458,67.6249363165485,1.04125889628009,78.9718912631381,4,1
6,4,0.85129,12.0278,2.98068,4.37667,66,0.417359517055458,67.6249363165485,1.04125889628009,78.9718912631381,4,1
7,4,0.95702,12.2058,4.98936,5.46598,66,0.417359517055458,67.6249363165485,1.04125889628009,78.9718912631381,4,1
8,4,0.858393,8.65651,5.2158,8.54645,66,0.417359517055458,67.6249363165485,1.04125889628009,78.9718912631381,4,1
9,4,0.906796,11.9126,3.26107,5.6402,66,0.417359517055458,67.6249363165485,1.04125889628009,78.9718912631381,4,1
10,4,0.852002,9.39033,5.99228,6.35639,66,0.417359517055458,67.6249363165485,1.04125889628009,78.9718912631381,4,1
1,5,0.488878,15.0783,4.03443,2.92088,52,0.413522612331374,64.9590590492742,0.96037970402046,70.9522933881255,4,0
2,5,0.503534,17.3819,4.4579,3.36144,52,0.413522612331374,64.9590590492742,0.96037970402046,70.9522933881255,4,0
3,5,0.427882,15.6231,6.05256,3.71438,52,0.413522612331374,64.9590590492742,0.96037970402046,70.9522933881255,4,0
4,5,0.519608,15.0087,3.96186,2.05939,52,0.413522612331374,64.9590590492742,0.96037970402046,70.9522933881255,4,0
5,5,0.471384,17.7516,2.12635,2.01982,52,0.413522612331374,64.9590590492742,0.96037970402046,70.9522933881255,4,0
6,5,0.512899,15.0278,6.585,6.53548,52,0.413522612331374,64.9590590492742,0.96037970402046,70.9522933881255,4,0
7,5,0.501778,13.674,3.86985,6.01106,52,0.413522612331374,64.9590590492742,0.96037970402046,70.9522933881255,4,0
8,5,0.449966,15.5734,3.93361,4.20932,52,0.413522612331374,64.9590590492742,0.96037970402046,70.9522933881255,4,0
9,5,0.521687,14.8107,5.66255,3.57139,52,0.413522612331374,64.9590590492742,0.96037970402046,70.9522933881255,4,0
10,5,0.449994,12.0392,2.85784,10.5435,52,0.413522612331374,64.9590590492742,0.96037970402046,70.9522933881255,4,0
1,6,0.787552,15.4472,6.12367,4.75816,67,0.481258767839931,66.4024386458446,1.10803227890368,72.8008019232911,4,1
2,6,0.807389,12.044,6.60144,7.87931,67,0.481258767839931,66.4024386458446,1.10803227890368,72.8008019232911,4,1
3,6,0.768586,11.2861,5.89562,5.91195,67,0.481258767839931,66.4024386458446,1.10803227890368,72.8008019232911,4,1
4,6,0.678657,17.469,5.66658,2.87517,67,0.481258767839931,66.4024386458446,1.10803227890368,72.8008019232911,4,1
5,6,0.77339,12.0054,5.05915,3.97421,67,0.481258767839931,66.4024386458446,1.10803227890368,72.8008019232911,4,1
6,6,0.694075,11.8173,4.69839,5.54255,67,0.481258767839931,66.4024386458446,1.10803227890368,72.8008019232911,4,1
7,6,0.758645,13.7704,7.29814,5.63479,67,0.481258767839931,66.4024386458446,1.10803227890368,72.8008019232911,4,1
8,6,0.775712,19.004,2.92691,4.69423,67,0.481258767839931,66.4024386458446,1.10803227890368,72.8008019232911,4,1
9,6,0.837477,12.3924,3.37326,4.5601,67,0.481258767839931,66.4024386458446,1.10803227890368,72.8008019232911,4,1
10,6,0.801744,14.0932,4.01966,3.61005,67,0.481258767839931,66.4024386458446,1.10803227890368,72.8008019232911,4,1
1,7,2.38624,18.2844,4.38075,4.48585,64,0.373264864608996,73.6296667990085,0.858098374170351,96.7557755853287,3,1
2,7,2.35974,17.7362,4.27003,8.86129,64,0.373264864608996,73.6296667990085,0.858098374170351,96.7557755853287,3,1
3,7,2.15925,12.0161,3.89258,6.01799,64,0.373264864608996,73.6296667990085,0.858098374170351,96.7557755853287,3,1
4,7,2.01921,13.3114,8.07242,8.99626,64,0.373264864608996,73.6296667990085,0.858098374170351,96.7557755853287,3,1
5,7,2.13345,14.4361,3.28586,3.93869,64,0.373264864608996,73.6296667990085,0.858098374170351,96.7557755853287,3,1
6,7,2.30783,16.7539,2.77805,7.14596,64,0.373264864608996,73.6296667990085,0.858098374170351,96.7557755853287,3,1
7,7,1.90995,12.472,4.80593,5.63202,64,0.373264864608996,73.6296667990085,0.858098374170351,96.7557755853287,3,1
8,7,2.06273,11.2938,3.50117,5.75825,64,0.373264864608996,73.6296667990085,0.858098374170351,96.7557755853287,3,1
9,7,2.25212,16.251,7.81957,3.88093,64,0.373264864608996,73.6296667990085,0.858098374170351,96.7557755853287,3,1
10,7,2.33291,13.5098,2.92305,4.80709,64,0.373264864608996,73.6296667990085,0.858098374170351,96.7557755853287,3,1
1,8,1.61419,10.383,4.55042,3.39661,48,0.459732168104917,56.7737063169721,0.870220844363416,81.9467962951069,3,0
2,8,1.8154,13.157,2.64698,4.97401,48,0.459732168104917,56.7737063169721,0.870220844363416,81.9467962951069,3,0
3,8,1.7965,11.6954,3.79897,8.85475,48,0.459732168104917,56.7737063169721,0.870220844363416,81.9467962951069,3,0
4,8,1.73008,10.2065,3.80518,5.66269,48,0.459732168104917,56.7737063169721,0.870220844363416,81.9467962951069,3,0
5,8,1.47993,8.4883,6.00422,4.463,48,0.459732168104917,56.7737063169721,0.870220844363416,81.9467962951069,3,0
6,8,1.77573,9.93359,2.69799,4.65677,48,0.459732168104917,56.7737063169721,0.870220844363416,81.9467962951069,3,0
7,8,1.69584,11.0588,2.67987,8.4927,48,0.459732168104917,56.7737063169721,0.870220844363416,81.9467962951069,3,0
8,8,1.57524,11.38,4.96622,2.9148,48,0.459732168104917,56.7737063169721,0.870220844363416,81.9467962951069,3,0
9,8,1.53496,10.1168,5.89834,5.98735,48,0.459732168104917,56.7737063169721,0.870220844363416,81.9467962951069,3,0
10,8,1.6031,11.4804,2.19379,6.64622,48,0.459732168104917,56.7737063169721,0.870220844363416,81.9467962951069,3,0
1,9,1.35186,8.07191,10.5798,4.36686,35,0.49178788611981,72.2601076776339,0.8082341613519241,117.993499379142,4,1
2,9,1.37927,12.9232,3.81026,3.77488,35,0.49178788611981,72.2601076776339,0.8082341613519241,117.993499379142,4,1
3,9,1.39352,10.4889,4.91589,6.76053,35,0.49178788611981,72.2601076776339,0.8082341613519241,117.993499379142,4,1
4,9,1.29214,9.47452,3.61377,4.00898,35,0.49178788611981,72.2601076776339,0.8082341613519241,117.993499379142,4,1
5,9,1.37227,11.0333,3.83903,6.60686,35,0.49178788611981,72.2601076776339,0.8082341613519241,117.993499379142,4,1
6,9,1.44005,11.1609,4.01666,2.63781,35,0.49178788611981,72.2601076776339,0.8082341613519241,117.993499379142,4,1
7,9,1.42439,11.0933,3.96376,5.07465,35,0.49178788611981,72.2601076776339,0.8082341613519241,117.993499379142,4,1
8,9,1.3096,11.3876,2.93155,4.25234,35,0.49178788611981,72.2601076776339,0.8082341613519241,117.993499379142,4,1
9,9,1.14083,9.4518,2.28304,3.75202,35,0.49178788611981,72.2601076776339,0.8082341613519241,117.993499379142,4,1
10,9,1.26876,11.7864,2.7295,3.54957,35,0.49178788611981,72.2601076776339,0.8082341613519241,117.993499379142,4,1
1,10,1.09007,6.06576,3.09821,4.91662,37,0.478112291945868,71.658088467876,0.928295784054754,108.666937152494,2,1
2,10,1.10618,5.19161,4.61708,5.58648,37,0.478112291945868,71.658088467876,0.928295784054754,108.666937152494,2,1
3,10,1.1297,6.37866,2.0629,3.65255,37,0.478112291945868,71.658088467876,0.928295784054754,108.666937152494,2,1
4,10,1.11245,5.8004,3.20217,5.04136,37,0.478112291945868,71.658088467876,0.928295784054754,108.666937152494,2,1
5,10,1.01489,5.63125,4.13327,5.22656,37,0.478112291945868,71.658088467876,0.928295784054754,108.666937152494,2,1
6,10,0.889746,6.28373,4.46676,3.45339,37,0.478112291945868,71.658088467876,0.928295784054754,108.666937152494,2,1
7,10,0.947885,4.89756,3.12752,7.8012,37,0.478112291945868,71.658088467876,0.928295784054754,108.666937152494,2,1
8,10,1.1034,4.65424,3.82778,7.31276,37,0.478112291945868,71.658088467876,0.928295784054754,108.666937152494,2,1
9,10,1.23751,5.40421,3.12078,6.64556,37,0.478112291945868,71.658088467876,0.928295784054754,108.666937152494,2,1
10,10,1.02973,6.23784,3.49813,3.78192,37,0.478112291945868,71.658088467876,0.928295784054754,108.666937152494,2,1
1,11,1.35856,16.8223,2.64489,4.91492,54,0.462199869488743,64.3056701758057,0.672598234627322,103.703626861576,2,0
2,11,1.40371,14.4389,3.57687,8.14009,54,0.462199869488743,64.3056701758057,0.672598234627322,103.703626861576,2,0
3,11,1.3575,15.1857,4.03883,4.59513,54,0.462199869488743,64.3056701758057,0.672598234627322,103.703626861576,2,0
4,11,1.40396,14.1238,1.91677,5.90026,54,0.462199869488743,64.3056701758057,0.672598234627322,103.703626861576,2,0
5,11,1.27901,14.7444,5.31338,4.26289,54,0.462199869488743,64.3056701758057,0.672598234627322,103.703626861576,2,0
6,11,1.53256,16.0089,3.42502,4.78977,54,0.462199869488743,64.3056701758057,0.672598234627322,103.703626861576,2,0
7,11,1.4154,13.0742,5.94813,5.2103,54,0.462199869488743,64.3056701758057,0.672598234627322,103.703626861576,2,0
8,11,1.48325,13.0175,2.09125,6.28359,54,0.462199869488743,64.3056701758057,0.672598234627322,103.703626861576,2,0
9,11,1.50483,14.0613,2.16766,5.36772,54,0.462199869488743,64.3056701758057,0.672598234627322,103.703626861576,2,0
10,11,1.38861,16.9144,3.27963,3.38634,54,0.462199869488743,64.3056701758057,0.672598234627322,103.703626861576,2,0
1,12,0.871321,16.8127,4.62331,3.22459,67,0.483838176855019,78.8502693881754,1.02860961490068,79.6506050248966,1,1
2,12,0.961867,14.2498,8.18034,5.64955,67,0.483838176855019,78.8502693881754,1.02860961490068,79.6506050248966,1,1
3,12,0.861914,14.8202,2.61406,3.87497,67,0.483838176855019,78.8502693881754,1.02860961490068,79.6506050248966,1,1
4,12,0.877947,13.5105,5.64262,4.19338,67,0.483838176855019,78.8502693881754,1.02860961490068,79.6506050248966,1,1
5,12,0.837996,16.1885,3.55904,3.83353,67,0.483838176855019,78.8502693881754,1.02860961490068,79.6506050248966,1,1
6,12,0.836102,17.384,4.24587,2.82844,67,0.483838176855019,78.8502693881754,1.02860961490068,79.6506050248966,1,1
7,12,0.767011,13.3896,5.00105,4.7413,67,0.483838176855019,78.8502693881754,1.02860961490068,79.6506050248966,1,1
8,12,0.747798,14.2431,3.28885,4.95378,67,0.483838176855019,78.8502693881754,1.02860961490068,79.6506050248966,1,1
9,12,0.856401,14.3787,4.43511,4.30514,67,0.483838176855019,78.8502693881754,1.02860961490068,79.6506050248966,1,1
10,12,0.942943,13.773,4.23812,3.84199,67,0.483838176855019,78.8502693881754,1.02860961490068,79.6506050248966,1,1
1,13,1.78932,13.5273,4.87173,5.01074,53,0.422458114137394,69.2588753867707,0.628220068479832,113.83777915823,2,1
2,13,1.89573,11.5689,4.71463,5.71407,53,0.422458114137394,69.2588753867707,0.628220068479832,113.83777915823,2,1
3,13,1.88527,11.5342,4.61652,4.85558,53,0.422458114137394,69.2588753867707,0.628220068479832,113.83777915823,2,1
4,13,2.00413,12.8622,3.83186,5.80227,53,0.422458114137394,69.2588753867707,0.628220068479832,113.83777915823,2,1
5,13,1.85872,11.3748,3.95202,4.22166,53,0.422458114137394,69.2588753867707,0.628220068479832,113.83777915823,2,1
6,13,1.81813,12.8864,5.66194,4.11673,53,0.422458114137394,69.2588753867707,0.628220068479832,113.83777915823,2,1
7,13,1.69439,13.1863,4.09006,2.80747,53,0.422458114137394,69.2588753867707,0.628220068479832,113.83777915823,2,1
8,13,1.65961,13.0021,2.84341,3.39168,53,0.422458114137394,69.2588753867707,0.628220068479832,113.83777915823,2,1
9,13,2.07747,13.9495,2.43245,5.64557,53,0.422458114137394,69.2588753867707,0.628220068479832,113.83777915823,2,1
10,13,1.88415,11.6942,3.56268,5.41773,53,0.422458114137394,69.2588753867707,0.628220068479832,113.83777915823,2,1
1,14,0.728677,15.0887,3.01055,5.72305,58,0.453436744533254,59.3715930756547,0.960807088292192,68.3166847935756,1,0
2,14,0.733563,15.5696,3.59245,4.87029,58,0.453436744533254,59.3715930756547,0.960807088292192,68.3166847935756,1,0
3,14,0.718269,12.4955,1.60165,3.96074,58,0.453436744533254,59.3715930756547,0.960807088292192,68.3166847935756,1,0
4,14,0.684393,14.8933,3.2656,4.3349,58,0.453436744533254,59.3715930756547,0.960807088292192,68.3166847935756,1,0
5,14,0.706924,12.6287,5.25048,5.67132,58,0.453436744533254,59.3715930756547,0.960807088292192,68.3166847935756,1,0
6,14,0.71471,18.5282,2.54618,5.31617,58,0.453436744533254,59.3715930756547,0.960807088292192,68.3166847935756,1,0
7,14,0.799564,13.3063,3.26821,6.69247,58,0.453436744533254,59.3715930756547,0.960807088292192,68.3166847935756,1,0
8,14,0.696663,13.6404,2.32626,5.75098,58,0.453436744533254,59.3715930756547,0.960807088292192,68.3166847935756,1,0
9,14,0.63476,16.4306,2.24232,4.09966,58,0.453436744533254,59.3715930756547,0.960807088292192,68.3166847935756,1,0
10,14,0.72536,13.8063,4.93597,4.27159,58,0.453436744533254,59.3715930756547,0.960807088292192,68.3166847935756,1,0
1,15,1.03047,11.9131,2.53772,5.97316,45,0.47828528567065,68.6191117480941,0.910917376885259,79.0017934657923,3,0
2,15,1.01143,12.0803,5.72034,3.65271,45,0.47828528567065,68.6191117480941,0.910917376885259,79.0017934657923,3,0
3,15,1.07446,13.0528,4.66593,5.59812,45,0.47828528567065,68.6191117480941,0.910917376885259,79.0017934657923,3,0
4,15,1.13263,11.0239,3.27001,5.63156,45,0.47828528567065,68.6191117480941,0.910917376885259,79.0017934657923,3,0
5,15,0.96802,12.6795,6.3635,4.27584,45,0.47828528567065,68.6191117480941,0.910917376885259,79.0017934657923,3,0
6,15,0.927059,10.3776,9.38882,5.76973,45,0.47828528567065,68.6191117480941,0.910917376885259,79.0017934657923,3,0
7,15,1.09263,12.4217,6.58952,3.57553,45,0.47828528567065,68.6191117480941,0.910917376885259,79.0017934657923,3,0
8,15,0.939861,15.1296,4.64074,4.09889,45,0.47828528567065,68.6191117480941,0.910917376885259,79.0017934657923,3,0
9,15,1.10735,11.2054,4.22663,3.04153,45,0.47828528567065,68.6191117480941,0.910917376885259,79.0017934657923,3,0
10,15,0.890558,11.8871,4.14117,6.683,45,0.47828528567065,68.6191117480941,0.910917376885259,79.0017934657923,3,0
1,16,0.669135,18.4505,2.63911,4.29042,68,0.488350271271256,64.2287330568094,0.6581402956693611,95.5551754453072,3,0
2,16,0.59057,19.4655,4.36114,3.68356,68,0.488350271271256,64.2287330568094,0.6581402956693611,95.5551754453072,3,0
3,16,0.626246,20.2051,4.83131,5.24849,68,0.488350271271256,64.2287330568094,0.6581402956693611,95.5551754453072,3,0
4,16,0.58007,19.9051,2.56789,5.05586,68,0.488350271271256,64.2287330568094,0.6581402956693611,95.5551754453072,3,0
5,16,0.619081,21.9968,3.84875,5.32839,68,0.488350271271256,64.2287330568094,0.6581402956693611,95.5551754453072,3,0
6,16,0.585862,24.4134,4.37469,5.49447,68,0.488350271271256,64.2287330568094,0.6581402956693611,95.5551754453072,3,0
7,16,0.637248,24.1668,4.58986,4.49763,68,0.488350271271256,64.2287330568094,0.6581402956693611,95.5551754453072,3,0
8,16,0.688291,19.2897,8.00012,7.20123,68,0.488350271271256,64.2287330568094,0.6581402956693611,95.5551754453072,3,0
9,16,0.607185,22.9036,3.95429,5.1981,68,0.488350271271256,64.2287330568094,0.6581402956693611,95.5551754453072,3,0
10,16,0.701425,21.6391,3.62263,4.51968,68,0.488350271271256,64.2287330568094,0.6581402956693611,95.5551754453072,3,0
1,17,0.944987,27.7152,7.72546,4.64719,74,0.403295584314393,70.4553686604898,0.996115866269227,79.2750197131037,4,1
2,17,1.02367,19.8158,6.9783,3.90087,74,0.403295584314393,70.4553686604898,0.996115866269227,79.2750197131037,4,1
3,17,1.05433,20.2194,5.8586,6.2907,74,0.403295584314393,70.4553686604898,0.996115866269227,79.2750197131037,4,1
4,17,0.898907,23.3249,4.22717,5.8729,74,0.403295584314393,70.4553686604898,0.996115866269227,79.2750197131037,4,1
5,17,0.959649,23.8491,3.83923,4.40005,74,0.403295584314393,70.4553686604898,0.996115866269227,79.2750197131037,4,1
6,17,1.06694,21.0979,3.29912,4.19972,74,0.403295584314393,70.4553686604898,0.996115866269227,79.2750197131037,4,1
7,17,1.0058,25.9631,7.12201,3.80214,74,0.403295584314393,70.4553686604898,0.996115866269227,79.2750197131037,4,1
8,17,0.900372,28.9303,4.50329,3.58192,74,0.403295584314393,70.4553686604898,0.996115866269227,79.2750197131037,4,1
9,17,0.956601,25.0802,8.26916,2.89796,74,0.403295584314393,70.4553686604898,0.996115866269227,79.2750197131037,4,1
10,17,1.03985,28.729,4.01842,4.42669,74,0.403295584314393,70.4553686604898,0.996115866269227,79.2750197131037,4,1
1,18,0.498596,15.2919,4.40807,5.55858,57,0.478308565933025,61.4901911254415,1.07207016008257,60.2136697177902,1,0
2,18,0.520172,14.4155,3.67152,4.08287,57,0.478308565933025,61.4901911254415,1.07207016008257,60.2136697177902,1,0
3,18,0.498517,11.1339,4.40905,4.57546,57,0.478308565933025,61.4901911254415,1.07207016008257,60.2136697177902,1,0
4,18,0.512485,12.1505,3.59091,6.35365,57,0.478308565933025,61.4901911254415,1.07207016008257,60.2136697177902,1,0
5,18,0.542303,13.356,4.0089,4.87736,57,0.478308565933025,61.4901911254415,1.07207016008257,60.2136697177902,1,0
6,18,0.536486,14.7714,4.0634,3.39834,57,0.478308565933025,61.4901911254415,1.07207016008257,60.2136697177902,1,0
7,18,0.5061,12.4033,2.50992,4.83162,57,0.478308565933025,61.4901911254415,1.07207016008257,60.2136697177902,1,0
8,18,0.46359,11.1692,3.74633,5.58453,57,0.478308565933025,61.4901911254415,1.07207016008257,60.2136697177902,1,0
9,18,0.501996,11.1871,4.03076,3.49555,57,0.478308565933025,61.4901911254415,1.07207016008257,60.2136697177902,1,0
10,18,0.547878,12.0867,3.52809,4.45712,57,0.478308565933025,61.4901911254415,1.07207016008257,60.2136697177902,1,0
1,19,1.4909,9.33641,3.52104,5.5647,62,0.49064237542398,65.9127764455453,0.6870243063529901,104.771107984917,4,1
2,19,1.49703,10.1407,6.14604,7.41962,62,0.49064237542398,65.9127764455453,0.6870243063529901,104.771107984917,4,1
3,19,1.37521,10.5255,4.92736,3.50555,62,0.49064237542398,65.9127764455453,0.6870243063529901,104.771107984917,4,1
4,19,1.4294,10.8674,2.46195,3.51751,62,0.49064237542398,65.9127764455453,0.6870243063529901,104.771107984917,4,1
5,19,1.38025,8.40366,4.84288,4.92596,62,0.49064237542398,65.9127764455453,0.6870243063529901,104.771107984917,4,1
6,19,1.41152,10.1734,3.30541,4.49652,62,0.49064237542398,65.9127764455453,0.6870243063529901,104.771107984917,4,1
7,19,1.40161,7.52352,4.80403,6.1242,62,0.49064237542398,65.9127764455453,0.6870243063529901,104.771107984917,4,1
8,19,1.63269,11.2241,4.92144,5.4591,62,0.49064237542398,65.9127764455453,0.6870243063529901,104.771107984917,4,1
9,19,1.36967,8.94479,4.21914,6.35823,62,0.49064237542398,65.9127764455453,0.6870243063529901,104.771107984917,4,1
10,19,1.43788,7.09988,6.73891,5.33004,62,0.49064237542398,65.9127764455453,0.6870243063529901,104.771107984917,4,1
1,20,0.632285,15.9805,3.34151,3.41608,60,0.5084011100407489,64.3131121051604,1.10044800779369,57.2630362523893,4,0
2,20,0.602358,18.8531,3.36089,3.55621,60,0.5084011100407489,64.3131121051604,1.10044800779369,57.2630362523893,4,0
3,20,0.607487,11.6435,3.61968,3.47819,60,0.5084011100407489,64.3131121051604,1.10044800779369,57.2630362523893,4,0
4,20,0.650183,14.0418,6.24527,5.12998,60,0.5084011100407489,64.3131121051604,1.10044800779369,57.2630362523893,4,0
5,20,0.616209,14.0722,4.10708,4.38504,60,0.5084011100407489,64.3131121051604,1.10044800779369,57.2630362523893,4,0
6,20,0.593288,19.9977,2.58987,2.21492,60,0.5084011100407489,64.3131121051604,1.10044800779369,57.2630362523893,4,0
7,20,0.650468,13.2191,4.44973,5.31685,60,0.5084011100407489,64.3131121051604,1.10044800779369,57.2630362523893,4,0
8,20,0.625379,16.3188,3.08663,4.59489,60,0.5084011100407489,64.3131121051604,1.10044800779369,57.2630362523893,4,0
9,20,0.570758,16.5051,6.33741,4.46135,60,0.5084011100407489,64.3131121051604,1.10044800779369,57.2630362523893,4,0
10,20,0.647964,13.929,5.13266,4.35392,60,0.5084011100407489,64.3131121051604,1.10044800779369,57.2630362523893,4,0
1,21,0.681604,8.47875,3.36107,7.31276,52,0.435278902527694,67.2017263336777,0.798886296937471,88.6412070933095,4,0
2,21,0.771576,9.89919,3.51354,6.18694,52,0.435278902527694,67.2017263336777,0.798886296937471,88.6412070933095,4,0
3,21,0.687254,9.03786,5.20405,9.67099,52,0.435278902527694,67.2017263336777,0.798886296937471,88.6412070933095,4,0
4,21,0.789335,8.22707,3.86569,6.84189,52,0.435278902527694,67.2017263336777,0.798886296937471,88.6412070933095,4,0
5,21,0.727903,8.64583,3.23459,6.13672,52,0.435278902527694,67.2017263336777,0.798886296937471,88.6412070933095,4,0
6,21,0.672712,10.3539,3.54166,10.6154,52,0.435278902527694,67.2017263336777,0.798886296937471,88.6412070933095,4,0
7,21,0.791782,9.30163,2.12106,6.54522,52,0.435278902527694,67.2017263336777,0.798886296937471,88.6412070933095,4,0
8,21,0.690751,9.28501,8.43001,5.236,52,0.435278902527694,67.2017263336777,0.798886296937471,88.6412070933095,4,0
9,21,0.772732,8.43887,3.42632,5.2602,52,0.435278902527694,67.2017263336777,0.798886296937471,88.6412070933095,4,0
10,21,0.774316,7.85827,3.8417,14.1018,52,0.435278902527694,67.2017263336777,0.798886296937471,88.6412070933095,4,0
1,22,0.456901,16.969,4.4422,5.53715,68,0.361707745362925,66.2285272830204,0.985649335808148,62.2462867257916,4,0
2,22,0.535322,17.515,4.36488,3.93502,68,0.361707745362925,66.2285272830204,0.985649335808148,62.2462867257916,4,0
3,22,0.50805,17.7064,3.5758,5.90059,68,0.361707745362925,66.2285272830204,0.985649335808148,62.2462867257916,4,0
4,22,0.502508,15.603,6.81453,5.43159,68,0.361707745362925,66.2285272830204,0.985649335808148,62.2462867257916,4,0
5,22,0.519371,13.9216,4.47341,4.45639,68,0.361707745362925,66.2285272830204,0.985649335808148,62.2462867257916,4,0
6,22,0.497647,13.1336,6.17697,6.06795,68,0.361707745362925,66.2285272830204,0.985649335808148,62.2462867257916,4,0
7,22,0.485576,18.5563,2.98,4.29463,68,0.361707745362925,66.2285272830204,0.985649335808148,62.2462867257916,4,0
8,22,0.510526,16.5828,5.09825,4.33563,68,0.361707745362925,66.2285272830204,0.985649335808148,62.2462867257916,4,0
9,22,0.529349,18.5044,4.35649,3.61717,68,0.361707745362925,66.2285272830204,0.985649335808148,62.2462867257916,4,0
10,22,0.483904,16.0254,3.07609,7.4013,68,0.361707745362925,66.2285272830204,0.985649335808148,62.2462867257916,4,0
1,23,1.58526,21.4394,3.63231,4.65183,59,0.478882848904939,77.272775214209,0.77981549608099,102.737405118674,3,1
2,23,1.42715,23.872,3.15781,7.47751,59,0.478882848904939,77.272775214209,0.77981549608099,102.737405118674,3,1
3,23,1.29616,23.8854,3.79704,6.4618,59,0.478882848904939,77.272775214209,0.77981549608099,102.737405118674,3,1
4,23,1.50815,22.3297,4.95988,4.92902,59,0.478882848904939,77.272775214209,0.77981549608099,102.737405118674,3,1
5,23,1.4295,24.7123,3.89455,4.83981,59,0.478882848904939,77.272775214209,0.77981549608099,102.737405118674,3,1
6,23,1.50155,23.1056,4.55411,9.07633,59,0.478882848904939,77.272775214209,0.77981549608099,102.737405118674,3,1
7,23,1.52838,23.5263,5.50331,11.775,59,0.478882848904939,77.272775214209,0.77981549608099,102.737405118674,3,1
8,23,1.32125,20.5614,7.19808,5.39283,59,0.478882848904939,77.272775214209,0.77981549608099,102.737405118674,3,1
9,23,1.45316,24.3709,7.68178,7.24582,59,0.478882848904939,77.272775214209,0.77981549608099,102.737405118674,3,1
10,23,1.47693,26.8534,3.78631,6.26609,59,0.478882848904939,77.272775214209,0.77981549608099,102.737405118674,3,1
1,24,1.80829,19.2907,2.79911,4.81131,61,0.41242868674141,74.6416687134698,1.04471119128393,81.1408611576922,4,1
2,24,1.64463,17.055,3.12714,3.93346,61,0.41242868674141,74.6416687134698,1.04471119128393,81.1408611576922,4,1
3,24,1.73457,16.8673,2.8093,3.50727,61,0.41242868674141,74.6416687134698,1.04471119128393,81.1408611576922,4,1
4,24,1.60233,19.7425,3.07655,4.88105,61,0.41242868674141,74.6416687134698,1.04471119128393,81.1408611576922,4,1
5,24,1.66484,17.4301,5.89417,6.31349,61,0.41242868674141,74.6416687134698,1.04471119128393,81.1408611576922,4,1
6,24,1.71038,18.6754,5.56696,4.31611,61,0.41242868674141,74.6416687134698,1.04471119128393,81.1408611576922,4,1
7,24,1.70088,18.2642,8.13072,5.37389,61,0.41242868674141,74.6416687134698,1.04471119128393,81.1408611576922,4,1
8,24,1.73974,18.3344,5.13826,3.47061,61,0.41242868674141,74.6416687134698,1.04471119128393,81.1408611576922,4,1
9,24,1.75662,19.7309,7.33252,3.52945,61,0.41242868674141,74.6416687134698,1.04471119128393,81.1408611576922,4,1
10,24,1.71192,23.494,3.04273,8.16313,61,0.41242868674141,74.6416687134698,1.04471119128393,81.1408611576922,4,1
1,25,0.853756,12.8396,4.51257,7.58756,43,0.534132714288152,76.2051133436653,1.05008296948698,90.1913445490544,4,1
2,25,0.979062,14.1,2.58702,6.64291,43,0.534132714288152,76.2051133436653,1.05008296948698,90.1913445490544,4,1
3,25,0.930352,12.0746,5.44005,8.3955,43,0.534132714288152,76.2051133436653,1.05008296948698,90.1913445490544,4,1
4,25,0.933399,11.3121,4.05683,14.3694,43,0.534132714288152,76.2051133436653,1.05008296948698,90.1913445490544,4,1
5,25,0.791526,14.9734,2.2831,6.26472,43,0.534132714288152,76.2051133436653,1.05008296948698,90.1913445490544,4,1
6,25,0.921961,14.6366,3.78339,8.56314,43,0.534132714288152,76.2051133436653,1.05008296948698,90.1913445490544,4,1
7,25,0.874465,17.2703,2.73552,5.14295,43,0.534132714288152,76.2051133436653,1.05008296948698,90.1913445490544,4,1
8,25,0.860839,14.6164,3.05938,8.18693,43,0.534132714288152,76.2051133436653,1.05008296948698,90.1913445490544,4,1
9,25,0.906896,12.6025,3.46483,6.19559,43,0.534132714288152,76.2051133436653,1.05008296948698,90.1913445490544,4,1
10,25,0.973125,14.344,3.95832,5.00745,43,0.534132714288152,76.2051133436653,1.05008296948698,90.1913445490544,4,1
1,26,2.06719,27.0733,3.19356,7.17767,50,0.425172723136162,59.0885960317743,0.707932556828781,103.872795137407,1,0
2,26,2.05126,21.9684,3.75227,3.64648,50,0.425172723136162,59.0885960317743,0.707932556828781,103.872795137407,1,0
3,26,2.0931,19.9238,3.99001,4.25591,50,0.425172723136162,59.0885960317743,0.707932556828781,103.872795137407,1,0
4,26,2.02117,22.521,3.0872,4.29486,50,0.425172723136162,59.0885960317743,0.707932556828781,103.872795137407,1,0
5,26,2.03159,23.9204,2.25868,5.97912,50,0.425172723136162,59.0885960317743,0.707932556828781,103.872795137407,1,0
6,26,1.92849,23.1802,4.10854,4.08241,50,0.425172723136162,59.0885960317743,0.707932556828781,103.872795137407,1,0
7,26,2.12735,27.3524,3.10979,5.51321,50,0.425172723136162,59.0885960317743,0.707932556828781,103.872795137407,1,0
8,26,1.8878,22.981,4.54531,4.75321,50,0.425172723136162,59.0885960317743,0.707932556828781,103.872795137407,1,0
9,26,2.20756,22.7663,6.40964,3.59401,50,0.425172723136162,59.0885960317743,0.707932556828781,103.872795137407,1,0
10,26,2.14247,22.3022,2.82066,6.86193,50,0.425172723136162,59.0885960317743,0.707932556828781,103.872795137407,1,0
1,27,1.46327,20.1106,4.47688,3.47678,70,0.463270690941895,58.9093377134618,0.834046925170238,75.2319915775372,2,0
2,27,1.45574,23.3679,2.82575,6.96511,70,0.463270690941895,58.9093377134618,0.834046925170238,75.2319915775372,2,0
3,27,1.36026,17.8084,4.06276,4.49919,70,0.463270690941895,58.9093377134618,0.834046925170238,75.2319915775372,2,0
4,27,1.74285,21.5571,2.55237,3.39436,70,0.463270690941895,58.9093377134618,0.834046925170238,75.2319915775372,2,0
5,27,1.40256,17.4221,2.32475,3.40885,70,0.463270690941895,58.9093377134618,0.834046925170238,75.2319915775372,2,0
6,27,1.47672,22.0182,1.88543,3.34071,70,0.463270690941895,58.9093377134618,0.834046925170238,75.2319915775372,2,0
7,27,1.43192,16.9594,3.74157,6.06929,70,0.463270690941895,58.9093377134618,0.834046925170238,75.2319915775372,2,0
8,27,1.67394,20.2154,3.04208,6.92888,70,0.463270690941895,58.9093377134618,0.834046925170238,75.2319915775372,2,0
9,27,1.26525,19.1075,3.83758,4.11699,70,0.463270690941895,58.9093377134618,0.834046925170238,75.2319915775372,2,0
10,27,1.50427,21.1292,6.6176,4.94068,70,0.463270690941895,58.9093377134618,0.834046925170238,75.2319915775372,2,0
1,28,0.917352,15.2383,3.65846,4.74694,71,0.52293369120683,63.2040553364151,0.7753126817810569,81.666377336623,2,0
2,28,0.824176,12.7733,4.34421,4.16827,71,0.52293369120683,63.2040553364151,0.7753126817810569,81.666377336623,2,0
3,28,0.946182,14.108,4.63165,3.33569,71,0.52293369120683,63.2040553364151,0.7753126817810569,81.666377336623,2,0
4,28,0.848633,16.6468,4.57531,4.75793,71,0.52293369120683,63.2040553364151,0.7753126817810569,81.666377336623,2,0
5,28,0.805203,13.8703,2.86637,3.95534,71,0.52293369120683,63.2040553364151,0.7753126817810569,81.666377336623,2,0
6,28,0.900135,12.2311,5.45056,4.03423,71,0.52293369120683,63.2040553364151,0.7753126817810569,81.666377336623,2,0
7,28,0.882065,16.6019,7.26346,3.28677,71,0.52293369120683,63.2040553364151,0.7753126817810569,81.666377336623,2,0
8,28,0.841569,15.2197,3.88014,4.64193,71,0.52293369120683,63.2040553364151,0.7753126817810569,81.666377336623,2,0
9,28,0.825899,18.5786,2.96498,3.02778,71,0.52293369120683,63.2040553364151,0.7753126817810569,81.666377336623,2,0
10,28,0.927342,16.9617,3.36259,4.54598,71,0.52293369120683,63.2040553364151,0.7753126817810569,81.666377336623,2,0
1,29,1.39936,15.8044,2.47377,9.11781,51,0.451688523005506,61.6026072125596,0.8075749935815441,106.843712637153,1,1
2,29,1.45044,12.7835,5.19965,9.8103,51,0.451688523005506,61.6026072125596,0.8075749935815441,106.843712637153,1,1
3,29,1.42197,14.3326,5.65037,4.66072,51,0.451688523005506,61.6026072125596,0.8075749935815441,106.843712637153,1,1
4,29,1.37683,14.5941,5.04031,5.42852,51,0.451688523005506,61.6026072125596,0.8075749935815441,106.843712637153,1,1
5,29,1.43978,13.5413,4.34424,7.26333,51,0.451688523005506,61.6026072125596,0.8075749935815441,106.843712637153,1,1
6,29,1.22845,16.8469,1.59716,9.3116,51,0.451688523005506,61.6026072125596,0.8075749935815441,106.843712637153,1,1
7,29,1.20467,15.489,4.41082,6.92125,51,0.451688523005506,61.6026072125596,0.8075749935815441,106.843712637153,1,1
8,29,1.41548,13.0366,3.83434,9.20053,51,0.451688523005506,61.6026072125596,0.8075749935815441,106.843712637153,1,1
9,29,1.33963,13.2513,4.78395,6.6853,51,0.451688523005506,61.6026072125596,0.8075749935815441,106.843712637153,1,1
10,29,1.42151,12.4344,4.18191,5.66814,51,0.451688523005506,61.6026072125596,0.8075749935815441,106.843712637153,1,1
1,30,1.28761,16.5042,3.22491,4.64543,68,0.507871559355609,78.8176894454186,0.911805971025561,91.5750115253015,4,1
2,30,1.23401,12.5464,6.81085,4.59275,68,0.507871559355609,78.8176894454186,0.911805971025561,91.5750115253015,4,1
3,30,1.12172,10.2518,5.08521,6.32697,68,0.507871559355609,78.8176894454186,0.911805971025561,91.5750115253015,4,1
4,30,1.19292,11.4737,4.89526,6.38736,68,0.507871559355609,78.8176894454186,0.911805971025561,91.5750115253015,4,1
5,30,1.19775,12.4001,3.4151,9.43748,68,0.507871559355609,78.8176894454186,0.911805971025561,91.5750115253015,4,1
6,30,1.27891,12.8918,2.99958,6.43371,68,0.507871559355609,78.8176894454186,0.911805971025561,91.5750115253015,4,1
7,30,1.21076,9.30386,4.61931,4.85297,68,0.507871559355609,78.8176894454186,0.911805971025561,91.5750115253015,4,1
8,30,1.24681,12.7749,3.72893,3.98903,68,0.507871559355609,78.8176894454186,0.911805971025561,91.5750115253015,4,1
9,30,1.23926,16.1216,2.84917,4.32639,68,0.507871559355609,78.8176894454186,0.911805971025561,91.5750115253015,4,1
10,30,1.32187,13.8972,3.51922,6.38683,68,0.507871559355609,78.8176894454186,0.911805971025561,91.5750115253015,4,1
1,31,1.32392,17.5577,5.55423,5.4192,39,0.416304442880936,64.35585823626,0.944835157354187,78.4598787786492,4,0
2,31,1.39405,22.7355,3.42065,4.14596,39,0.416304442880936,64.35585823626,0.944835157354187,78.4598787786492,4,0
3,31,1.30003,21.6808,5.0392,4.94084,39,0.416304442880936,64.35585823626,0.944835157354187,78.4598787786492,4,0
4,31,1.23842,23.219,1.45693,4.31255,39,0.416304442880936,64.35585823626,0.944835157354187,78.4598787786492,4,0
5,31,1.27612,16.5558,4.41664,6.09498,39,0.416304442880936,64.35585823626,0.944835157354187,78.4598787786492,4,0
6,31,1.38068,21.3867,3.59542,5.34203,39,0.416304442880936,64.35585823626,0.944835157354187,78.4598787786492,4,0
7,31,1.29952,17.7345,3.46638,2.82586,39,0.416304442880936,64.35585823626,0.944835157354187,78.4598787786492,4,0
8,31,1.37607,22.8352,3.25792,4.20774,39,0.416304442880936,64.35585823626,0.944835157354187,78.4598787786492,4,0
9,31,1.43053,23.6704,3.8819,3.44451,39,0.416304442880936,64.35585823626,0.944835157354187,78.4598787786492,4,0
10,31,1.33236,21.3748,8.7114,4.99081,39,0.416304442880936,64.35585823626,0.944835157354187,78.4598787786492,4,0
1,32,1.06353,14.9403,5.94401,4.809,58,0.500203307265081,58.931191060773,0.99405179456227,65.5641521533533,4,0
2,32,1.05789,17.0204,4.73698,3.38855,58,0.500203307265081,58.931191060773,0.99405179456227,65.5641521533533,4,0
3,32,1.09884,12.2845,6.07884,7.55298,58,0.500203307265081,58.931191060773,0.99405179456227,65.5641521533533,4,0
4,32,0.972192,16.9413,5.02366,5.33542,58,0.500203307265081,58.931191060773,0.99405179456227,65.5641521533533,4,0
5,32,1.13323,16.2791,3.7606,4.01896,58,0.500203307265081,58.931191060773,0.99405179456227,65.5641521533533,4,0
6,32,1.12602,13.898,3.67446,4.04743,58,0.500203307265081,58.931191060773,0.99405179456227,65.5641521533533,4,0
7,32,1.12079,19.4979,3.70358,4.34971,58,0.500203307265081,58.931191060773,0.99405179456227,65.5641521533533,4,0
8,32,0.984097,14.5963,3.8272,4.46379,58,0.500203307265081,58.931191060773,0.99405179456227,65.5641521533533,4,0
9,32,0.970705,18.6073,3.37109,3.68431,58,0.500203307265081,58.931191060773,0.99405179456227,65.5641521533533,4,0
10,32,0.949294,13.9985,1.37037,4.15207,58,0.500203307265081,58.931191060773,0.99405179456227,65.5641521533533,4,0
1,33,1.17625,19.2019,5.08678,2.92269,41,0.520870785140788,76.7073065326829,0.7183679044671351,117.790835161239,4,1
2,33,1.10283,12.9331,6.07383,5.72354,41,0.520870785140788,76.7073065326829,0.7183679044671351,117.790835161239,4,1
3,33,1.10905,14.9136,5.86308,5.06132,41,0.520870785140788,76.7073065326829,0.7183679044671351,117.790835161239,4,1
4,33,1.13511,17.8774,4.71849,5.70222,41,0.520870785140788,76.7073065326829,0.7183679044671351,117.790835161239,4,1
5,33,1.21254,15.6727,2.83548,4.91224,41,0.520870785140788,76.7073065326829,0.7183679044671351,117.790835161239,4,1
6,33,1.13328,16.653,4.89013,4.81745,41,0.520870785140788,76.7073065326829,0.7183679044671351,117.790835161239,4,1
7,33,1.15365,15.3462,7.83471,5.14837,41,0.520870785140788,76.7073065326829,0.7183679044671351,117.790835161239,4,1
8,33,1.19214,16.6152,3.8002,5.11341,41,0.520870785140788,76.7073065326829,0.7183679044671351,117.790835161239,4,1
9,33,1.05238,15.3014,5.3959,4.42038,41,0.520870785140788,76.7073065326829,0.7183679044671351,117.790835161239,4,1
10,33,1.18412,18.7794,4.34878,3.94016,41,0.520870785140788,76.7073065326829,0.7183679044671351,117.790835161239,4,1
