ID,CONC,TAD
1,1.9018E-02,2.3750E+01
1,2.6210E-03,2.3750E+01
1,2.1318E-01,1.2500E-01
1,3.2850E-02,1.2500E-01
1,1.7671E-01,6.2500E-01
1,4.3916E-02,6.2500E-01
1,1.8553E-01,1.1250E+00
1,2.8352E-02,1.1250E+00
1,1.2394E-01,2.1250E+00
1,1.7708E-02,2.1250E+00
1,1.0248E-01,6.1250E+00
1,1.5438E-02,6.1250E+00
1,4.6429E-02,1.2125E+01
1,6.4604E-03,1.2125E+01
1,2.8061E-02,2.0125E+01
1,3.4264E-03,2.0125E+01
1,3.0156E-02,2.3750E+01
1,4.1018E-03,2.3750E+01
1,3.1513E-01,1.2500E-01
1,5.2547E-02,1.2500E-01
1,1.6663E-01,6.2500E-01
1,3.8707E-02,6.2500E-01
1,1.7090E-01,1.1250E+00
1,2.5405E-02,1.1250E+00
1,1.6887E-01,2.1250E+00
1,1.9974E-02,2.1250E+00
1,1.0363E-01,6.1250E+00
1,1.3610E-02,6.1250E+00
1,3.2428E-02,2.0125E+01
1,5.0635E-03,2.0125E+01
2,2.3628E-01,1.2500E-01
2,2.4599E-02,1.2500E-01
2,1.5138E-01,6.2500E-01
2,3.2076E-02,6.2500E-01
2,1.4671E-01,1.1250E+00
2,2.0853E-02,1.1250E+00
2,9.0209E-02,2.1250E+00
2,1.4403E-02,2.1250E+00
2,7.7262E-02,6.1250E+00
2,6.8016E-03,6.1250E+00
2,3.3424E-02,1.2125E+01
2,6.6348E-03,1.2125E+01
2,2.7179E-02,2.0125E+01
2,2.8250E-03,2.0125E+01
2,8.6809E-03,2.3750E+01
2,8.6640E-04,2.3750E+01
2,2.2552E-01,1.2500E-01
2,4.1571E-02,1.2500E-01
2,1.5581E-01,6.2500E-01
2,2.4903E-02,6.2500E-01
2,1.8080E-01,1.1250E+00
2,2.4821E-02,1.1250E+00
2,6.7457E-02,2.1250E+00
2,1.5800E-02,2.1250E+00
2,4.0971E-02,6.1250E+00
2,9.1615E-03,6.1250E+00
2,3.2321E-02,1.2125E+01
2,4.1015E-03,1.2125E+01
2,1.0145E-02,2.0125E+01
2,1.1703E-03,2.0125E+01
3,3.9736E-02,2.3750E+01
3,2.6826E-03,2.3750E+01
3,2.1192E-01,1.2500E-01
3,3.1683E-02,1.2500E-01
3,9.8082E-02,6.2500E-01
3,2.6467E-02,6.2500E-01
3,2.1086E-01,1.1250E+00
3,2.3689E-02,1.1250E+00
3,1.8651E-01,2.1250E+00
3,1.9672E-02,2.1250E+00
3,1.0292E-01,6.1250E+00
3,1.3309E-02,6.1250E+00
3,7.4933E-02,2.0125E+01
3,6.2244E-03,2.0125E+01
3,3.7508E-02,2.3750E+01
3,3.6330E-03,2.3750E+01
3,2.3577E-01,1.2500E-01
3,2.8349E-02,1.2500E-01
3,2.4459E-01,6.2500E-01
3,2.3834E-02,6.2500E-01
3,1.9922E-01,1.1250E+00
3,2.7832E-02,1.1250E+00
3,1.4713E-01,2.1250E+00
3,1.5669E-02,2.1250E+00
3,1.4855E-01,6.1250E+00
3,1.3317E-02,6.1250E+00
3,8.2919E-02,1.2125E+01
3,7.1957E-03,1.2125E+01
3,3.4128E-02,2.0125E+01
3,5.3353E-03,2.0125E+01
4,2.4412E-02,2.3750E+01
4,4.3969E-03,2.3750E+01
4,1.6302E-01,6.2500E-01
4,2.7362E-02,6.2500E-01
4,1.2457E-01,1.1250E+00
4,3.5021E-02,1.1250E+00
4,1.3128E-01,2.1250E+00
4,2.2045E-02,2.1250E+00
4,8.5786E-02,6.1250E+00
4,1.4754E-02,6.1250E+00
4,4.4200E-02,1.2125E+01
4,1.1033E-02,1.2125E+01
4,4.8944E-02,2.0125E+01
4,5.9699E-03,2.0125E+01
4,4.1207E-02,2.3750E+01
4,8.9634E-03,2.3750E+01
4,2.2318E-01,1.2500E-01
4,6.1758E-02,1.2500E-01
4,1.9876E-01,6.2500E-01
4,3.7959E-02,6.2500E-01
4,1.2181E-01,1.1250E+00
4,5.0349E-02,1.1250E+00
4,1.0824E-01,2.1250E+00
4,2.5042E-02,2.1250E+00
4,6.2114E-02,6.1250E+00
4,1.9090E-02,6.1250E+00
4,9.2687E-02,1.2125E+01
4,1.2219E-02,1.2125E+01
4,4.2898E-02,2.0125E+01
4,1.1289E-02,2.0125E+01
5,4.4125E-02,2.3750E+01
5,3.0732E-03,2.3750E+01
5,1.2681E-01,1.2500E-01
5,1.7596E-02,1.2500E-01
5,1.5385E-01,6.2500E-01
5,1.7003E-02,6.2500E-01
5,1.7936E-01,1.1250E+00
5,1.6399E-02,1.1250E+00
5,1.1631E-01,2.1250E+00
5,9.1291E-03,2.1250E+00
5,1.1400E-01,6.1250E+00
5,1.0336E-02,6.1250E+00
5,1.1532E-01,1.2125E+01
5,1.5166E-03,1.2125E+01
5,6.4522E-02,2.0125E+01
5,4.6651E-03,2.0125E+01
5,9.5451E-02,2.3750E+01
5,8.7692E-03,2.3750E+01
5,1.6687E-01,1.2500E-01
5,2.1859E-02,1.2500E-01
5,2.6022E-01,6.2500E-01
5,2.0080E-02,6.2500E-01
5,1.5283E-01,1.1250E+00
5,1.2020E-02,1.1250E+00
5,1.5112E-01,2.1250E+00
5,1.0719E-02,2.1250E+00
5,1.2654E-01,6.1250E+00
5,1.1919E-02,6.1250E+00
5,1.3141E-01,1.2125E+01
5,9.8040E-03,1.2125E+01
5,1.5022E-01,2.0125E+01
5,7.3811E-03,2.0125E+01
6,3.3579E-02,2.3750E+01
6,2.3651E-03,2.3750E+01
6,1.3655E-01,1.2500E-01
6,1.9522E-02,1.2500E-01
6,1.4368E-01,1.1250E+00
6,1.2620E-02,1.1250E+00
6,1.2536E-01,2.1250E+00
6,1.6863E-02,2.1250E+00
6,9.2249E-02,6.1250E+00
6,1.4047E-02,6.1250E+00
6,7.2858E-02,1.2125E+01
6,5.2830E-03,1.2125E+01
6,7.3557E-02,2.0125E+01
6,4.1947E-03,2.0125E+01
6,4.5199E-02,2.3750E+01
6,4.3483E-03,2.3750E+01
6,1.6657E-01,1.2500E-01
6,1.7739E-02,1.2500E-01
6,1.4745E-01,6.2500E-01
6,2.5543E-02,6.2500E-01
6,1.4512E-01,1.1250E+00
6,1.8424E-02,1.1250E+00
6,1.1930E-01,2.1250E+00
6,1.1595E-02,2.1250E+00
6,1.3598E-01,6.1250E+00
6,1.5058E-02,6.1250E+00
6,1.0558E-01,1.2125E+01
6,8.2544E-03,1.2125E+01
6,4.0979E-02,2.0125E+01
6,3.7383E-03,2.0125E+01
7,1.0233E-02,2.3750E+01
7,7.3370E-04,2.3750E+01
7,1.2559E-01,1.2500E-01
7,1.5226E-02,1.2500E-01
7,6.7817E-02,6.2500E-01
7,1.7314E-02,6.2500E-01
7,1.0152E-01,1.1250E+00
7,1.4837E-02,1.1250E+00
7,3.4328E-02,6.1250E+00
7,6.2695E-03,6.1250E+00
7,2.5652E-02,1.2125E+01
7,2.6830E-03,1.2125E+01
7,8.4280E-03,2.0125E+01
7,1.4415E-03,2.0125E+01
7,7.8926E-03,2.3750E+01
7,8.8333E-04,2.3750E+01
7,9.8463E-02,1.2500E-01
7,2.1520E-02,1.2500E-01
7,1.0894E-01,6.2500E-01
7,1.9979E-02,6.2500E-01
7,1.0514E-01,1.1250E+00
7,1.1788E-02,1.1250E+00
7,5.3993E-02,2.1250E+00
7,9.8449E-03,2.1250E+00
7,4.6473E-02,6.1250E+00
7,5.0379E-03,6.1250E+00
7,1.9909E-02,1.2125E+01
7,2.3976E-03,1.2125E+01
7,8.6291E-03,2.0125E+01
7,1.1525E-03,2.0125E+01
8,1.3265E-02,2.3750E+01
8,2.1803E-03,2.3750E+01
8,1.8154E-01,1.2500E-01
8,4.4781E-02,1.2500E-01
8,1.1176E-01,6.2500E-01
8,1.8043E-02,6.2500E-01
8,1.5650E-01,1.1250E+00
8,3.2039E-02,1.1250E+00
8,1.0067E-01,2.1250E+00
8,2.3126E-02,2.1250E+00
8,5.1227E-02,6.1250E+00
8,1.4073E-02,6.1250E+00
8,3.5084E-02,1.2125E+01
8,7.1512E-03,1.2125E+01
8,1.0901E-02,2.3750E+01
8,9.6427E-04,2.3750E+01
8,1.5821E-01,1.2500E-01
8,4.3043E-02,1.2500E-01
8,1.0007E-01,1.1250E+00
8,2.1124E-02,1.1250E+00
8,8.2415E-02,2.1250E+00
8,1.8360E-02,2.1250E+00
8,4.7477E-02,6.1250E+00
8,6.3329E-03,6.1250E+00
8,2.0560E-02,1.2125E+01
8,4.8347E-03,1.2125E+01
8,1.4235E-02,2.0125E+01
8,1.5903E-03,2.0125E+01
9,7.1497E-03,2.3750E+01
9,5.1166E-04,2.3750E+01
9,1.6937E-01,1.2500E-01
9,7.2676E-03,1.2500E-01
9,1.0286E-01,1.1250E+00
9,1.1737E-02,1.1250E+00
9,1.2613E-01,2.1250E+00
9,1.2066E-02,2.1250E+00
9,7.4336E-02,6.1250E+00
9,3.7681E-03,6.1250E+00
9,3.1385E-02,1.2125E+01
9,2.2069E-03,1.2125E+01
9,1.8198E-02,2.0125E+01
9,1.1016E-03,2.0125E+01
9,1.6431E-02,2.3750E+01
9,9.4220E-04,2.3750E+01
9,2.1393E-01,1.2500E-01
9,1.9438E-02,1.2500E-01
9,1.4228E-01,6.2500E-01
9,1.6143E-02,6.2500E-01
9,9.8313E-02,1.1250E+00
9,1.0994E-02,1.1250E+00
9,1.2053E-01,2.1250E+00
9,9.7770E-03,2.1250E+00
9,9.3637E-02,6.1250E+00
9,7.2225E-03,6.1250E+00
9,3.0982E-02,1.2125E+01
9,3.0261E-03,1.2125E+01
9,3.0906E-02,2.0125E+01
9,1.6100E-03,2.0125E+01
10,3.6885E-01,1.2500E-01
10,4.5959E-02,1.2500E-01
10,2.0100E-01,6.2500E-01
10,3.8729E-02,6.2500E-01
10,1.5020E-01,1.1250E+00
10,2.4460E-02,1.1250E+00
10,1.5219E-01,2.1250E+00
10,1.6168E-02,2.1250E+00
10,7.8920E-02,6.1250E+00
10,8.8016E-03,6.1250E+00
10,4.5321E-02,1.2125E+01
10,3.8543E-03,1.2125E+01
10,1.8944E-02,2.0125E+01
10,2.1566E-03,2.0125E+01
10,1.6911E-02,2.3750E+01
10,3.7305E-03,2.3750E+01
10,3.0416E-01,1.2500E-01
10,6.6879E-02,1.2500E-01
10,2.2237E-01,6.2500E-01
10,4.3678E-02,6.2500E-01
10,1.7780E-01,1.1250E+00
10,2.4173E-02,1.1250E+00
10,1.2582E-01,2.1250E+00
10,2.0970E-02,2.1250E+00
10,1.0130E-01,6.1250E+00
10,1.2550E-02,6.1250E+00
10,5.9815E-02,1.2125E+01
10,9.8249E-03,1.2125E+01
11,2.0514E-02,2.3750E+01
11,2.4865E-03,2.3750E+01
11,1.3760E-01,1.2500E-01
11,2.3241E-02,1.2500E-01
11,1.1736E-01,6.2500E-01
11,1.4639E-02,6.2500E-01
11,1.2240E-01,1.1250E+00
11,1.0141E-02,1.1250E+00
11,1.0736E-01,2.1250E+00
11,1.3962E-02,2.1250E+00
11,6.1840E-02,6.1250E+00
11,6.1876E-03,6.1250E+00
11,3.9267E-02,1.2125E+01
11,4.5518E-03,1.2125E+01
11,2.4364E-02,2.0125E+01
11,2.2495E-03,2.0125E+01
11,1.4067E-02,2.3750E+01
11,1.2642E-03,2.3750E+01
11,1.2491E-01,1.2500E-01
11,1.6433E-02,1.2500E-01
11,7.6028E-02,6.2500E-01
11,1.5462E-02,6.2500E-01
11,9.4374E-02,1.1250E+00
11,1.5682E-02,1.1250E+00
11,9.4946E-02,2.1250E+00
11,1.1489E-02,2.1250E+00
11,6.3849E-02,6.1250E+00
11,7.2481E-03,6.1250E+00
11,5.0196E-02,1.2125E+01
11,3.7005E-03,1.2125E+01
11,2.4015E-02,2.0125E+01
11,2.6156E-03,2.0125E+01
12,6.6728E-02,2.3750E+01
12,8.1654E-03,2.3750E+01
12,3.0655E-01,2.5000E-01
12,5.3094E-02,2.5000E-01
12,2.3228E-01,7.5000E-01
12,4.8005E-02,7.5000E-01
12,2.4457E-01,1.2500E+00
12,3.0794E-02,1.2500E+00
12,2.5852E-01,2.2500E+00
12,2.5282E-02,2.2500E+00
12,1.2704E-01,1.2250E+01
12,2.1334E-02,1.2250E+01
12,1.0953E-01,2.0250E+01
12,1.2441E-02,2.0250E+01
12,9.6440E-02,2.3750E+01
12,1.0850E-02,2.3750E+01
12,2.4968E-01,2.5000E-01
12,4.5004E-02,2.5000E-01
12,2.3185E-01,7.5000E-01
12,5.8472E-02,7.5000E-01
12,1.9729E-01,1.2500E+00
12,4.8727E-02,1.2500E+00
12,2.0974E-01,2.2500E+00
12,2.1213E-02,2.2500E+00
12,2.3073E-01,6.2500E+00
12,2.0234E-02,6.2500E+00
12,1.1591E-01,1.2250E+01
12,1.7976E-02,1.2250E+01
12,1.0289E-01,2.0250E+01
12,8.8880E-03,2.0250E+01
13,1.3900E-02,2.3750E+01
13,9.3169E-04,2.3750E+01
13,1.9230E-01,2.5000E-01
13,5.9231E-02,2.5000E-01
13,2.8443E-01,7.5000E-01
13,4.1354E-02,7.5000E-01
13,1.6799E-01,1.2500E+00
13,3.9606E-02,1.2500E+00
13,1.4657E-01,2.2500E+00
13,2.4689E-02,2.2500E+00
13,1.0764E-01,6.2500E+00
13,1.1359E-02,6.2500E+00
13,6.1835E-02,1.2250E+01
13,5.0429E-03,1.2250E+01
13,1.5292E-02,2.0250E+01
13,2.7767E-03,2.0250E+01
13,1.9346E-02,2.3750E+01
13,1.0066E-03,2.3750E+01
13,2.5547E-01,2.5000E-01
13,5.0851E-02,2.5000E-01
13,2.5643E-01,7.5000E-01
13,4.0287E-02,7.5000E-01
13,2.4388E-01,1.2500E+00
13,3.0599E-02,1.2500E+00
13,1.7104E-01,2.2500E+00
13,2.9871E-02,2.2500E+00
13,1.2052E-01,6.2500E+00
13,1.0068E-02,6.2500E+00
13,7.3517E-02,1.2250E+01
13,6.1182E-03,1.2250E+01
13,1.7916E-02,2.0250E+01
13,2.0227E-03,2.0250E+01
14,9.0014E-02,2.3750E+01
14,6.6452E-03,2.3750E+01
14,3.0604E-01,2.5000E-01
14,9.5730E-02,2.5000E-01
14,2.9813E-01,7.5000E-01
14,6.3962E-02,7.5000E-01
14,1.8136E-01,1.2500E+00
14,5.1639E-02,1.2500E+00
14,2.8378E-01,2.2500E+00
14,2.9307E-02,2.2500E+00
14,1.1881E-01,6.2500E+00
14,2.5290E-02,6.2500E+00
14,1.7766E-01,1.2250E+01
14,2.6053E-02,1.2250E+01
14,1.2470E-01,2.0250E+01
14,1.7546E-02,2.0250E+01
14,1.4055E-01,2.3750E+01
14,1.8234E-02,2.3750E+01
14,2.9906E-01,2.5000E-01
14,9.0132E-02,2.5000E-01
14,3.2549E-01,7.5000E-01
14,8.6961E-02,7.5000E-01
14,3.4661E-01,1.2500E+00
14,6.8495E-02,1.2500E+00
14,2.9745E-01,2.2500E+00
14,5.9373E-02,2.2500E+00
14,1.7890E-01,6.2500E+00
14,4.9450E-02,6.2500E+00
14,2.2213E-01,1.2250E+01
14,3.2941E-02,1.2250E+01
14,8.3317E-02,2.0250E+01
14,3.5485E-02,2.0250E+01
15,3.1251E-02,2.3750E+01
15,3.6769E-03,2.3750E+01
15,2.9022E-01,2.5000E-01
15,6.0241E-02,2.5000E-01
15,3.3342E-01,7.5000E-01
15,4.8101E-02,7.5000E-01
15,1.9227E-01,1.2500E+00
15,4.2931E-02,1.2500E+00
15,2.3411E-01,2.2500E+00
15,3.6738E-02,2.2500E+00
15,1.4031E-01,6.2500E+00
15,2.1680E-02,6.2500E+00
15,1.0636E-01,1.2250E+01
15,1.1490E-02,1.2250E+01
15,5.7325E-02,2.0250E+01
15,6.0434E-03,2.0250E+01
15,3.3002E-01,2.5000E-01
15,6.4151E-02,2.5000E-01
15,2.7498E-01,7.5000E-01
15,4.6970E-02,7.5000E-01
15,2.5248E-01,1.2500E+00
15,5.6142E-02,1.2500E+00
15,2.8271E-01,2.2500E+00
15,4.7493E-02,2.2500E+00
15,2.3662E-01,6.2500E+00
15,3.0546E-02,6.2500E+00
15,1.5133E-01,1.2250E+01
15,2.0574E-02,1.2250E+01
16,7.8978E-02,2.3750E+01
16,1.0239E-02,2.3750E+01
16,2.0730E-01,2.5000E-01
16,3.6038E-02,2.5000E-01
16,1.9010E-01,7.5000E-01
16,3.1068E-02,7.5000E-01
16,1.6054E-01,1.2500E+00
16,3.6044E-02,1.2500E+00
16,2.3182E-01,2.2500E+00
16,3.1771E-02,2.2500E+00
16,2.1882E-01,6.2500E+00
16,2.8519E-02,6.2500E+00
16,1.8032E-01,1.2250E+01
16,2.4854E-02,1.2250E+01
16,1.1916E-01,2.0250E+01
16,2.0756E-02,2.0250E+01
16,1.6626E-01,2.3750E+01
16,1.9164E-02,2.3750E+01
16,3.5334E-01,2.5000E-01
16,3.4904E-02,2.5000E-01
16,2.3673E-01,7.5000E-01
16,5.3974E-02,7.5000E-01
16,2.4031E-01,1.2500E+00
16,4.4636E-02,1.2500E+00
16,2.8623E-01,2.2500E+00
16,4.7455E-02,2.2500E+00
16,2.6768E-01,6.2500E+00
16,3.2252E-02,6.2500E+00
16,2.2629E-01,1.2250E+01
16,2.6678E-02,1.2250E+01
16,1.8304E-01,2.0250E+01
16,2.2121E-02,2.0250E+01
17,7.2322E-02,2.3750E+01
17,6.0731E-03,2.3750E+01
17,1.4829E-01,2.5000E-01
17,3.0992E-02,2.5000E-01
17,1.9419E-01,7.5000E-01
17,3.5468E-02,7.5000E-01
17,1.3232E-01,1.2500E+00
17,2.4302E-02,1.2500E+00
17,1.2419E-01,2.2500E+00
17,1.7797E-02,2.2500E+00
17,1.4977E-01,6.2500E+00
17,2.4593E-02,6.2500E+00
17,1.2515E-01,1.2250E+01
17,1.7494E-02,1.2250E+01
17,7.3434E-02,2.0250E+01
17,1.2579E-02,2.0250E+01
17,1.0035E-01,2.3750E+01
17,1.2784E-02,2.3750E+01
17,2.0248E-01,2.5000E-01
17,4.1304E-02,2.5000E-01
17,2.1068E-01,7.5000E-01
17,3.4067E-02,7.5000E-01
17,2.0450E-01,1.2500E+00
17,3.3223E-02,1.2500E+00
17,1.6150E-01,2.2500E+00
17,3.5482E-02,2.2500E+00
17,1.4265E-01,6.2500E+00
17,3.0978E-02,6.2500E+00
17,1.6465E-01,1.2250E+01
17,2.3472E-02,1.2250E+01
17,8.5483E-02,2.0250E+01
17,1.4171E-02,2.0250E+01
18,1.5806E-01,2.3750E+01
18,2.0657E-02,2.3750E+01
18,2.1215E-01,2.5000E-01
18,7.0690E-02,2.5000E-01
18,3.0923E-01,7.5000E-01
18,7.4285E-02,7.5000E-01
18,4.1217E-01,1.2500E+00
18,5.7385E-02,1.2500E+00
18,1.8007E-01,2.2500E+00
18,4.6375E-02,2.2500E+00
18,1.8231E-01,6.2500E+00
18,4.1580E-02,6.2500E+00
18,2.3416E-01,1.2250E+01
18,2.8716E-02,1.2250E+01
18,1.3156E-01,2.0250E+01
18,2.5845E-02,2.0250E+01
18,1.9360E-01,2.3750E+01
18,3.4624E-02,2.3750E+01
18,4.0477E-01,2.5000E-01
18,1.2995E-01,2.5000E-01
18,4.1025E-01,7.5000E-01
18,8.8202E-02,7.5000E-01
18,4.2351E-01,1.2500E+00
18,8.9006E-02,1.2500E+00
18,2.1557E-01,2.2500E+00
18,8.3984E-02,2.2500E+00
18,2.7812E-01,6.2500E+00
18,8.2839E-02,6.2500E+00
18,2.3734E-01,1.2250E+01
18,4.3269E-02,1.2250E+01
18,2.1714E-01,2.0250E+01
18,3.7809E-02,2.0250E+01
19,2.0053E-02,2.3750E+01
19,3.4789E-03,2.3750E+01
19,4.1924E-01,2.5000E-01
19,7.2416E-02,2.5000E-01
19,2.5608E-01,7.5000E-01
19,4.9757E-02,7.5000E-01
19,1.9323E-01,2.2500E+00
19,2.9768E-02,2.2500E+00
19,1.4312E-01,6.2500E+00
19,1.6735E-02,6.2500E+00
19,8.7705E-02,1.2250E+01
19,1.0168E-02,1.2250E+01
19,3.5096E-02,2.0250E+01
19,5.6818E-03,2.0250E+01
19,2.5455E-02,2.3750E+01
19,2.6008E-03,2.3750E+01
19,3.0611E-01,2.5000E-01
19,7.7748E-02,2.5000E-01
19,3.5192E-01,7.5000E-01
19,6.1195E-02,7.5000E-01
19,1.6187E-01,1.2500E+00
19,4.2455E-02,1.2500E+00
19,2.0254E-01,2.2500E+00
19,2.6205E-02,2.2500E+00
19,9.3255E-02,6.2500E+00
19,2.0643E-02,6.2500E+00
19,8.4294E-02,1.2250E+01
19,9.7714E-03,1.2250E+01
19,3.7682E-02,2.0250E+01
19,3.8381E-03,2.0250E+01
20,1.1175E-01,2.3750E+01
20,1.1333E-02,2.3750E+01
20,2.2877E-01,2.5000E-01
20,2.8149E-02,2.5000E-01
20,3.4750E-01,7.5000E-01
20,4.3398E-02,7.5000E-01
20,1.8612E-01,1.2500E+00
20,3.3127E-02,1.2500E+00
20,2.7363E-01,2.2500E+00
20,2.9662E-02,2.2500E+00
20,2.6204E-01,6.2500E+00
20,2.8028E-02,6.2500E+00
20,1.6574E-01,1.2250E+01
20,1.4598E-02,1.2250E+01
20,1.0532E-01,2.0250E+01
20,1.4350E-02,2.0250E+01
20,1.6271E-01,2.3750E+01
20,1.3412E-02,2.3750E+01
20,2.7402E-01,2.5000E-01
20,4.5708E-02,2.5000E-01
20,2.9758E-01,7.5000E-01
20,3.1684E-02,7.5000E-01
20,2.3599E-01,1.2500E+00
20,2.7333E-02,1.2500E+00
20,2.4780E-01,2.2500E+00
20,4.0438E-02,2.2500E+00
20,1.4531E-01,6.2500E+00
20,2.8203E-02,6.2500E+00
20,1.8205E-01,1.2250E+01
20,1.7855E-02,1.2250E+01
20,1.9413E-01,2.0250E+01
20,1.9601E-02,2.0250E+01
21,4.0707E-02,2.3750E+01
21,2.9906E-03,2.3750E+01
21,4.1803E-01,2.5000E-01
21,2.1694E-01,2.5000E-01
21,3.5867E-01,7.5000E-01
21,1.1222E-01,7.5000E-01
21,2.7073E-01,1.2500E+00
21,9.2677E-02,1.2500E+00
21,2.2291E-01,2.2500E+00
21,6.8253E-02,2.2500E+00
21,1.8115E-01,6.2500E+00
21,4.3338E-02,6.2500E+00
21,1.6488E-01,1.2250E+01
21,2.8588E-02,1.2250E+01
21,5.8786E-02,2.0250E+01
21,1.7699E-02,2.0250E+01
21,1.0295E-01,2.3750E+01
21,2.1202E-02,2.3750E+01
21,5.2287E-01,2.5000E-01
21,1.9428E-01,2.5000E-01
21,4.1606E-01,7.5000E-01
21,9.6529E-02,7.5000E-01
21,3.4906E-01,1.2500E+00
21,8.5301E-02,1.2500E+00
21,2.9893E-01,2.2500E+00
21,7.5499E-02,2.2500E+00
21,1.8418E-01,6.2500E+00
21,5.7281E-02,6.2500E+00
21,2.1408E-01,1.2250E+01
21,5.0701E-02,1.2250E+01
21,1.4322E-01,2.0250E+01
21,3.0046E-02,2.0250E+01
22,1.0604E-01,2.3750E+01
22,2.1129E-02,2.3750E+01
22,3.1707E-01,2.5000E-01
22,1.5861E-01,2.5000E-01
22,3.5486E-01,7.5000E-01
22,1.1526E-01,7.5000E-01
22,2.2148E-01,1.2500E+00
22,6.4176E-02,1.2500E+00
22,2.3094E-01,2.2500E+00
22,4.7548E-02,2.2500E+00
22,1.2329E-01,6.2500E+00
22,4.5286E-02,6.2500E+00
22,1.3422E-01,1.2250E+01
22,4.7683E-02,1.2250E+01
22,1.6659E-01,2.0250E+01
22,2.7306E-02,2.0250E+01
22,2.1846E-01,2.3750E+01
22,2.3339E-02,2.3750E+01
22,2.9719E-01,2.5000E-01
22,1.6731E-01,2.5000E-01
22,3.9510E-01,7.5000E-01
22,1.3062E-01,7.5000E-01
22,2.7159E-01,1.2500E+00
22,1.0818E-01,1.2500E+00
22,1.9748E-01,2.2500E+00
22,9.7269E-02,2.2500E+00
22,3.1510E-01,6.2500E+00
22,5.4531E-02,6.2500E+00
22,2.9435E-01,1.2250E+01
22,6.3215E-02,1.2250E+01
22,2.9024E-01,2.0250E+01
22,4.3909E-02,2.0250E+01
23,3.7707E-01,5.0000E-01
23,8.5777E-02,5.0000E-01
23,3.0672E-01,1.0000E+00
23,4.3732E-02,1.0000E+00
23,2.2784E-01,1.5000E+00
23,3.5930E-02,1.5000E+00
23,2.5797E-01,2.5000E+00
23,1.7228E-02,2.5000E+00
23,1.9520E-01,6.5000E+00
23,2.2529E-02,6.5000E+00
23,1.1586E-01,1.2500E+01
23,1.3812E-02,1.2500E+01
23,9.4418E-02,2.0500E+01
23,7.0921E-03,2.0500E+01
23,9.8686E-02,2.3750E+01
23,4.8416E-03,2.3750E+01
23,4.4948E-01,5.0000E-01
23,7.4814E-02,5.0000E-01
23,3.1490E-01,1.0000E+00
23,5.4804E-02,1.0000E+00
23,2.4701E-01,1.5000E+00
23,4.4871E-02,1.5000E+00
23,2.5288E-01,2.5000E+00
23,3.6263E-02,2.5000E+00
23,2.5813E-01,6.5000E+00
23,3.2978E-02,6.5000E+00
23,1.7522E-01,1.2500E+01
23,2.1000E-02,1.2500E+01
23,1.4780E-01,2.0500E+01
23,7.8344E-03,2.0500E+01
24,6.7145E-02,2.3750E+01
24,8.9194E-03,2.3750E+01
24,3.4620E-01,5.0000E-01
24,6.0218E-02,5.0000E-01
24,3.4101E-01,1.0000E+00
24,6.8801E-02,1.0000E+00
24,4.1072E-01,1.5000E+00
24,1.0079E-01,1.5000E+00
24,3.4010E-01,2.5000E+00
24,8.0526E-02,2.5000E+00
24,1.1249E-01,1.2500E+01
24,2.0292E-02,1.2500E+01
24,9.8840E-02,2.0500E+01
24,1.3937E-02,2.0500E+01
24,5.5553E-02,2.3750E+01
24,5.3191E-03,2.3750E+01
24,2.9872E-01,1.0000E+00
24,9.2809E-02,1.0000E+00
24,2.9012E-01,1.5000E+00
24,7.0668E-02,1.5000E+00
24,2.2788E-01,6.5000E+00
24,3.5103E-02,6.5000E+00
24,1.0277E-01,1.2500E+01
24,1.5247E-02,1.2500E+01
24,5.8346E-02,2.0500E+01
24,7.9658E-03,2.0500E+01
25,9.8981E-02,2.3750E+01
25,1.5000E-02,2.3750E+01
25,7.2916E-01,5.0000E-01
25,2.9385E-01,5.0000E-01
25,4.3083E-01,1.0000E+00
25,9.6392E-02,1.0000E+00
25,4.2932E-01,1.5000E+00
25,1.1615E-01,1.5000E+00
25,4.0295E-01,2.5000E+00
25,6.1934E-02,2.5000E+00
25,2.2479E-01,6.5000E+00
25,5.2743E-02,6.5000E+00
25,1.4500E-01,1.2500E+01
25,2.9969E-02,1.2500E+01
25,1.8796E-01,2.0500E+01
25,1.2541E-02,2.0500E+01
25,2.0682E-01,2.3750E+01
25,2.0632E-02,2.3750E+01
25,4.8298E-01,5.0000E-01
25,2.4358E-01,5.0000E-01
25,6.8440E-01,1.0000E+00
25,1.2740E-01,1.0000E+00
25,3.8015E-01,1.5000E+00
25,9.9712E-02,1.5000E+00
25,3.5230E-01,6.5000E+00
25,6.5664E-02,6.5000E+00
25,3.3005E-01,1.2500E+01
25,5.1475E-02,1.2500E+01
25,1.7100E-01,2.0500E+01
25,3.7455E-02,2.0500E+01
26,2.8292E-01,5.0000E-01
26,3.7370E-02,5.0000E-01
26,2.2763E-01,1.0000E+00
26,4.5003E-02,1.0000E+00
26,1.9295E-01,1.5000E+00
26,4.5286E-02,1.5000E+00
26,1.9761E-01,2.5000E+00
26,4.3221E-02,2.5000E+00
26,1.4821E-01,6.5000E+00
26,2.2099E-02,6.5000E+00
26,8.6027E-02,1.2500E+01
26,1.1426E-02,1.2500E+01
26,4.3463E-02,2.0500E+01
26,5.8349E-03,2.0500E+01
26,4.2070E-02,2.3750E+01
26,8.1850E-03,2.3750E+01
26,3.2114E-01,5.0000E-01
26,6.1811E-02,5.0000E-01
26,3.0963E-01,1.0000E+00
26,5.2016E-02,1.0000E+00
26,2.1732E-01,1.5000E+00
26,5.1763E-02,1.5000E+00
26,3.5593E-01,2.5000E+00
26,4.2368E-02,2.5000E+00
26,1.4902E-01,6.5000E+00
26,2.7764E-02,6.5000E+00
26,1.6880E-01,1.2500E+01
26,1.8457E-02,1.2500E+01
26,7.9015E-02,2.0500E+01
26,1.2062E-02,2.0500E+01
27,9.9966E-02,2.3750E+01
27,1.1580E-02,2.3750E+01
27,3.5685E-01,5.0000E-01
27,1.5128E-01,5.0000E-01
27,3.6536E-01,1.0000E+00
27,1.1511E-01,1.0000E+00
27,3.7572E-01,1.5000E+00
27,1.0483E-01,1.5000E+00
27,3.0562E-01,2.5000E+00
27,9.5303E-02,2.5000E+00
27,2.7706E-01,6.5000E+00
27,4.3228E-02,6.5000E+00
27,1.3911E-01,1.2500E+01
27,3.3207E-02,1.2500E+01
27,9.7832E-02,2.0500E+01
27,1.3812E-02,2.0500E+01
27,2.9793E-01,5.0000E-01
27,1.0367E-01,5.0000E-01
27,4.3851E-01,1.0000E+00
27,3.5323E-02,1.0000E+00
27,2.6281E-01,1.5000E+00
27,6.1888E-02,1.5000E+00
27,3.4379E-01,2.5000E+00
27,4.8703E-02,2.5000E+00
27,1.7544E-01,6.5000E+00
27,4.0830E-02,6.5000E+00
27,1.4035E-01,1.2500E+01
27,1.9217E-02,1.2500E+01
27,8.5346E-02,2.0500E+01
27,1.0476E-02,2.0500E+01
28,1.9448E-01,2.3750E+01
28,2.2710E-02,2.3750E+01
28,6.7214E-01,5.0000E-01
28,1.4910E-01,5.0000E-01
28,3.5953E-01,1.0000E+00
28,1.0834E-01,1.0000E+00
28,3.8951E-01,1.5000E+00
28,1.3371E-01,1.5000E+00
28,4.1096E-01,6.5000E+00
28,5.6759E-02,6.5000E+00
28,2.8730E-01,1.2500E+01
28,4.4161E-02,1.2500E+01
28,1.8606E-01,2.0500E+01
28,3.0812E-02,2.0500E+01
28,1.2417E-01,2.3750E+01
28,1.8790E-02,2.3750E+01
28,4.2303E-01,5.0000E-01
28,1.7932E-01,5.0000E-01
28,5.5920E-01,1.0000E+00
28,1.1791E-01,1.0000E+00
28,3.4864E-01,2.5000E+00
28,7.9253E-02,2.5000E+00
28,2.4354E-01,6.5000E+00
28,5.4411E-02,6.5000E+00
28,1.4644E-01,2.0500E+01
28,2.1535E-02,2.0500E+01
29,1.0141E-01,2.3750E+01
29,1.2637E-02,2.3750E+01
29,6.1941E-01,5.0000E-01
29,2.3723E-01,5.0000E-01
29,4.6721E-01,1.0000E+00
29,9.0725E-02,1.0000E+00
29,3.9130E-01,1.5000E+00
29,8.5113E-02,1.5000E+00
29,3.9425E-01,2.5000E+00
29,3.9629E-02,2.5000E+00
29,2.2976E-01,6.5000E+00
29,5.6715E-02,6.5000E+00
29,1.5740E-01,1.2500E+01
29,3.3146E-02,1.2500E+01
29,1.0417E-01,2.0500E+01
29,2.2689E-02,2.0500E+01
29,2.8595E-01,5.0000E-01
29,1.8577E-01,5.0000E-01
29,5.0523E-01,1.0000E+00
29,1.0869E-01,1.0000E+00
29,3.8599E-01,1.5000E+00
29,8.6427E-02,1.5000E+00
29,2.2384E-01,2.5000E+00
29,9.0334E-02,2.5000E+00
29,2.7398E-01,6.5000E+00
29,4.0227E-02,6.5000E+00
29,1.4906E-01,1.2500E+01
29,2.7968E-02,1.2500E+01
29,7.5682E-02,2.0500E+01
29,1.4739E-02,2.0500E+01
30,6.1846E-02,2.3750E+01
30,7.5550E-03,2.3750E+01
30,5.5363E-01,5.0000E-01
30,2.1315E-01,5.0000E-01
30,3.9606E-01,1.0000E+00
30,8.7861E-02,1.0000E+00
30,5.3426E-01,1.5000E+00
30,9.8899E-02,1.5000E+00
30,3.5498E-01,2.5000E+00
30,5.7049E-02,2.5000E+00
30,2.4669E-01,6.5000E+00
30,3.3543E-02,6.5000E+00
30,1.2734E-01,1.2500E+01
30,2.7870E-02,1.2500E+01
30,1.1282E-01,2.3750E+01
30,1.7574E-02,2.3750E+01
30,5.6203E-01,5.0000E-01
30,1.9340E-01,5.0000E-01
30,4.1413E-01,1.0000E+00
30,1.8991E-01,1.0000E+00
30,5.1688E-01,1.5000E+00
30,1.4483E-01,1.5000E+00
30,3.2803E-01,2.5000E+00
30,8.0041E-02,2.5000E+00
30,3.4276E-01,6.5000E+00
30,5.7381E-02,6.5000E+00
30,1.9188E-01,1.2500E+01
30,2.8371E-02,1.2500E+01
30,1.3185E-01,2.0500E+01
30,1.2935E-02,2.0500E+01
31,9.1781E-02,2.3750E+01
31,8.0967E-03,2.3750E+01
31,3.0412E-01,5.0000E-01
31,7.7663E-02,5.0000E-01
31,3.7096E-01,1.0000E+00
31,8.3017E-02,1.0000E+00
31,2.4482E-01,1.5000E+00
31,7.2793E-02,1.5000E+00
31,3.0732E-01,2.5000E+00
31,6.1020E-02,2.5000E+00
31,2.3232E-01,6.5000E+00
31,4.0572E-02,6.5000E+00
31,1.6284E-01,1.2500E+01
31,2.4619E-02,1.2500E+01
31,1.2536E-01,2.3750E+01
31,1.4829E-02,2.3750E+01
31,4.5247E-01,5.0000E-01
31,1.1783E-01,5.0000E-01
31,3.7477E-01,1.0000E+00
31,9.4688E-02,1.0000E+00
31,3.9898E-01,1.5000E+00
31,7.8590E-02,1.5000E+00
31,3.3592E-01,2.5000E+00
31,5.9977E-02,2.5000E+00
31,2.6555E-01,6.5000E+00
31,3.2617E-02,6.5000E+00
31,2.0581E-01,1.2500E+01
31,3.1253E-02,1.2500E+01
31,9.9957E-02,2.0500E+01
31,1.9245E-02,2.0500E+01
32,6.1105E-02,2.3750E+01
32,1.1045E-02,2.3750E+01
32,5.3283E-01,5.0000E-01
32,1.7042E-01,5.0000E-01
32,4.5557E-01,1.0000E+00
32,9.7106E-02,1.0000E+00
32,4.4366E-01,1.5000E+00
32,1.2791E-01,1.5000E+00
32,3.3675E-01,2.5000E+00
32,4.7445E-02,2.5000E+00
32,2.2506E-01,1.2500E+01
32,2.5995E-02,1.2500E+01
32,1.6537E-01,2.3750E+01
32,2.0585E-02,2.3750E+01
32,3.1343E-01,5.0000E-01
32,1.8069E-01,5.0000E-01
32,6.2466E-01,1.0000E+00
32,1.4490E-01,1.0000E+00
32,4.9706E-01,1.5000E+00
32,1.0136E-01,1.5000E+00
32,3.7857E-01,2.5000E+00
32,9.8404E-02,2.5000E+00
32,2.0202E-01,1.2500E+01
32,4.7751E-02,1.2500E+01
32,1.5443E-01,2.0500E+01
32,2.5849E-02,2.0500E+01
33,1.1463E-01,2.3750E+01
33,9.9952E-03,2.3750E+01
33,4.7852E-01,1.0000E+00
33,4.8453E-02,1.0000E+00
33,2.8452E-01,1.5000E+00
33,7.7138E-02,1.5000E+00
33,3.3557E-01,2.5000E+00
33,5.6634E-02,2.5000E+00
33,3.1841E-01,6.5000E+00
33,3.3212E-02,6.5000E+00
33,2.1710E-01,1.2500E+01
33,2.0235E-02,1.2500E+01
33,1.2892E-01,2.0500E+01
33,1.4011E-02,2.0500E+01
33,1.3311E-01,2.3750E+01
33,9.6422E-03,2.3750E+01
33,5.1173E-01,5.0000E-01
33,7.5659E-02,5.0000E-01
33,3.4815E-01,1.0000E+00
33,5.8620E-02,1.0000E+00
33,3.7012E-01,1.5000E+00
33,6.5848E-02,1.5000E+00
33,4.4359E-01,2.5000E+00
33,5.1117E-02,2.5000E+00
33,3.2288E-01,6.5000E+00
33,3.7068E-02,6.5000E+00
33,2.1291E-01,1.2500E+01
33,2.0918E-02,1.2500E+01
33,1.0538E-01,2.0500E+01
33,1.6011E-02,2.0500E+01
