TABLE NO.  2
 ID          CL          V           K
  1.0000E+00  1.0831E+01  3.6998E+01  2.9274E-01
  1.0000E+00  1.0831E+01  3.6998E+01  2.9274E-01
  1.0000E+00  1.0831E+01  3.6998E+01  2.9274E-01
  1.0000E+00  1.0831E+01  3.6998E+01  2.9274E-01
  1.0000E+00  1.0831E+01  3.6998E+01  2.9274E-01
  1.0000E+00  1.0831E+01  3.6998E+01  2.9274E-01
  1.0000E+00  1.0831E+01  3.6998E+01  2.9274E-01
  1.0000E+00  1.0831E+01  3.6998E+01  2.9274E-01
  1.0000E+00  1.0831E+01  3.6998E+01  2.9274E-01
  1.0000E+00  1.0831E+01  3.6998E+01  2.9274E-01
  1.0000E+00  1.0831E+01  3.6998E+01  2.9274E-01
  1.0000E+00  1.0831E+01  3.6998E+01  2.9274E-01
  1.0000E+00  1.0831E+01  3.6998E+01  2.9274E-01
  1.0000E+00  1.0831E+01  3.6998E+01  2.9274E-01
  1.0000E+00  1.0831E+01  3.6998E+01  2.9274E-01
  1.0000E+00  1.0831E+01  3.6998E+01  2.9274E-01
  1.0000E+00  1.0831E+01  3.6998E+01  2.9274E-01
  1.0000E+00  1.0831E+01  3.6998E+01  2.9274E-01
  1.0000E+00  1.0831E+01  3.6998E+01  2.9274E-01
  1.0000E+00  1.0831E+01  3.6998E+01  2.9274E-01
  1.0000E+00  1.0831E+01  3.6998E+01  2.9274E-01
  1.0000E+00  1.0831E+01  3.6998E+01  2.9274E-01
  1.0000E+00  1.0831E+01  3.6998E+01  2.9274E-01
  1.0000E+00  1.0831E+01  3.6998E+01  2.9274E-01
  1.0000E+00  1.0831E+01  3.6998E+01  2.9274E-01
  1.0000E+00  1.0831E+01  3.6998E+01  2.9274E-01
  1.0000E+00  1.0831E+01  3.6998E+01  2.9274E-01
  1.0000E+00  1.0831E+01  3.6998E+01  2.9274E-01
  1.0000E+00  1.0831E+01  3.6998E+01  2.9274E-01
  1.0000E+00  1.0831E+01  3.6998E+01  2.9274E-01
  1.0000E+00  1.0831E+01  3.6998E+01  2.9274E-01
  2.0000E+00  1.1885E+01  3.4221E+01  3.4730E-01
  2.0000E+00  1.1885E+01  3.4221E+01  3.4730E-01
  2.0000E+00  1.1885E+01  3.4221E+01  3.4730E-01
  2.0000E+00  1.1885E+01  3.4221E+01  3.4730E-01
  2.0000E+00  1.1885E+01  3.4221E+01  3.4730E-01
  2.0000E+00  1.1885E+01  3.4221E+01  3.4730E-01
  2.0000E+00  1.1885E+01  3.4221E+01  3.4730E-01
  2.0000E+00  1.1885E+01  3.4221E+01  3.4730E-01
  2.0000E+00  1.1885E+01  3.4221E+01  3.4730E-01
  2.0000E+00  1.1885E+01  3.4221E+01  3.4730E-01
  2.0000E+00  1.1885E+01  3.4221E+01  3.4730E-01
  2.0000E+00  1.1885E+01  3.4221E+01  3.4730E-01
  2.0000E+00  1.1885E+01  3.4221E+01  3.4730E-01
  2.0000E+00  1.1885E+01  3.4221E+01  3.4730E-01
  2.0000E+00  1.1885E+01  3.4221E+01  3.4730E-01
  2.0000E+00  1.1885E+01  3.4221E+01  3.4730E-01
  2.0000E+00  1.1885E+01  3.4221E+01  3.4730E-01
  2.0000E+00  1.1885E+01  3.4221E+01  3.4730E-01
  2.0000E+00  1.1885E+01  3.4221E+01  3.4730E-01
  2.0000E+00  1.1885E+01  3.4221E+01  3.4730E-01
  2.0000E+00  1.1885E+01  3.4221E+01  3.4730E-01
  2.0000E+00  1.1885E+01  3.4221E+01  3.4730E-01
  2.0000E+00  1.1885E+01  3.4221E+01  3.4730E-01
  2.0000E+00  1.1885E+01  3.4221E+01  3.4730E-01
  2.0000E+00  1.1885E+01  3.4221E+01  3.4730E-01
  2.0000E+00  1.1885E+01  3.4221E+01  3.4730E-01
  2.0000E+00  1.1885E+01  3.4221E+01  3.4730E-01
  2.0000E+00  1.1885E+01  3.4221E+01  3.4730E-01
  2.0000E+00  1.1885E+01  3.4221E+01  3.4730E-01
  2.0000E+00  1.1885E+01  3.4221E+01  3.4730E-01
  2.0000E+00  1.1885E+01  3.4221E+01  3.4730E-01
  3.0000E+00  1.0852E+01  3.6936E+01  2.9381E-01
  3.0000E+00  1.0852E+01  3.6936E+01  2.9381E-01
  3.0000E+00  1.0852E+01  3.6936E+01  2.9381E-01
  3.0000E+00  1.0852E+01  3.6936E+01  2.9381E-01
  3.0000E+00  1.0852E+01  3.6936E+01  2.9381E-01
  3.0000E+00  1.0852E+01  3.6936E+01  2.9381E-01
  3.0000E+00  1.0852E+01  3.6936E+01  2.9381E-01
  3.0000E+00  1.0852E+01  3.6936E+01  2.9381E-01
  3.0000E+00  1.0852E+01  3.6936E+01  2.9381E-01
  3.0000E+00  1.0852E+01  3.6936E+01  2.9381E-01
  3.0000E+00  1.0852E+01  3.6936E+01  2.9381E-01
  3.0000E+00  1.0852E+01  3.6936E+01  2.9381E-01
  3.0000E+00  1.0852E+01  3.6936E+01  2.9381E-01
  3.0000E+00  1.0852E+01  3.6936E+01  2.9381E-01
  3.0000E+00  1.0852E+01  3.6936E+01  2.9381E-01
  3.0000E+00  1.0852E+01  3.6936E+01  2.9381E-01
  3.0000E+00  1.0852E+01  3.6936E+01  2.9381E-01
  3.0000E+00  1.0852E+01  3.6936E+01  2.9381E-01
  3.0000E+00  1.0852E+01  3.6936E+01  2.9381E-01
  3.0000E+00  1.0852E+01  3.6936E+01  2.9381E-01
  3.0000E+00  1.0852E+01  3.6936E+01  2.9381E-01
  3.0000E+00  1.0852E+01  3.6936E+01  2.9381E-01
  3.0000E+00  1.0852E+01  3.6936E+01  2.9381E-01
  3.0000E+00  1.0852E+01  3.6936E+01  2.9381E-01
  3.0000E+00  1.0852E+01  3.6936E+01  2.9381E-01
  3.0000E+00  1.0852E+01  3.6936E+01  2.9381E-01
  3.0000E+00  1.0852E+01  3.6936E+01  2.9381E-01
  3.0000E+00  1.0852E+01  3.6936E+01  2.9381E-01
  3.0000E+00  1.0852E+01  3.6936E+01  2.9381E-01
  3.0000E+00  1.0852E+01  3.6936E+01  2.9381E-01
  3.0000E+00  1.0852E+01  3.6936E+01  2.9381E-01
  4.0000E+00  1.0273E+01  3.8676E+01  2.6562E-01
  4.0000E+00  1.0273E+01  3.8676E+01  2.6562E-01
  4.0000E+00  1.0273E+01  3.8676E+01  2.6562E-01
  4.0000E+00  1.0273E+01  3.8676E+01  2.6562E-01
  4.0000E+00  1.0273E+01  3.8676E+01  2.6562E-01
  4.0000E+00  1.0273E+01  3.8676E+01  2.6562E-01
  4.0000E+00  1.0273E+01  3.8676E+01  2.6562E-01
  4.0000E+00  1.0273E+01  3.8676E+01  2.6562E-01
  4.0000E+00  1.0273E+01  3.8676E+01  2.6562E-01
  4.0000E+00  1.0273E+01  3.8676E+01  2.6562E-01
  4.0000E+00  1.0273E+01  3.8676E+01  2.6562E-01
  4.0000E+00  1.0273E+01  3.8676E+01  2.6562E-01
  4.0000E+00  1.0273E+01  3.8676E+01  2.6562E-01
  4.0000E+00  1.0273E+01  3.8676E+01  2.6562E-01
  4.0000E+00  1.0273E+01  3.8676E+01  2.6562E-01
  4.0000E+00  1.0273E+01  3.8676E+01  2.6562E-01
  4.0000E+00  1.0273E+01  3.8676E+01  2.6562E-01
  4.0000E+00  1.0273E+01  3.8676E+01  2.6562E-01
  4.0000E+00  1.0273E+01  3.8676E+01  2.6562E-01
  4.0000E+00  1.0273E+01  3.8676E+01  2.6562E-01
  4.0000E+00  1.0273E+01  3.8676E+01  2.6562E-01
  4.0000E+00  1.0273E+01  3.8676E+01  2.6562E-01
  4.0000E+00  1.0273E+01  3.8676E+01  2.6562E-01
  4.0000E+00  1.0273E+01  3.8676E+01  2.6562E-01
  4.0000E+00  1.0273E+01  3.8676E+01  2.6562E-01
  4.0000E+00  1.0273E+01  3.8676E+01  2.6562E-01
  4.0000E+00  1.0273E+01  3.8676E+01  2.6562E-01
  4.0000E+00  1.0273E+01  3.8676E+01  2.6562E-01
  4.0000E+00  1.0273E+01  3.8676E+01  2.6562E-01
  4.0000E+00  1.0273E+01  3.8676E+01  2.6562E-01
  4.0000E+00  1.0273E+01  3.8676E+01  2.6562E-01
  5.0000E+00  1.0341E+01  3.8462E+01  2.6887E-01
  5.0000E+00  1.0341E+01  3.8462E+01  2.6887E-01
  5.0000E+00  1.0341E+01  3.8462E+01  2.6887E-01
  5.0000E+00  1.0341E+01  3.8462E+01  2.6887E-01
  5.0000E+00  1.0341E+01  3.8462E+01  2.6887E-01
  5.0000E+00  1.0341E+01  3.8462E+01  2.6887E-01
  5.0000E+00  1.0341E+01  3.8462E+01  2.6887E-01
  5.0000E+00  1.0341E+01  3.8462E+01  2.6887E-01
  5.0000E+00  1.0341E+01  3.8462E+01  2.6887E-01
  5.0000E+00  1.0341E+01  3.8462E+01  2.6887E-01
  5.0000E+00  1.0341E+01  3.8462E+01  2.6887E-01
  5.0000E+00  1.0341E+01  3.8462E+01  2.6887E-01
  5.0000E+00  1.0341E+01  3.8462E+01  2.6887E-01
  5.0000E+00  1.0341E+01  3.8462E+01  2.6887E-01
  5.0000E+00  1.0341E+01  3.8462E+01  2.6887E-01
  5.0000E+00  1.0341E+01  3.8462E+01  2.6887E-01
  5.0000E+00  1.0341E+01  3.8462E+01  2.6887E-01
  5.0000E+00  1.0341E+01  3.8462E+01  2.6887E-01
  5.0000E+00  1.0341E+01  3.8462E+01  2.6887E-01
  5.0000E+00  1.0341E+01  3.8462E+01  2.6887E-01
  5.0000E+00  1.0341E+01  3.8462E+01  2.6887E-01
  5.0000E+00  1.0341E+01  3.8462E+01  2.6887E-01
  5.0000E+00  1.0341E+01  3.8462E+01  2.6887E-01
  5.0000E+00  1.0341E+01  3.8462E+01  2.6887E-01
  5.0000E+00  1.0341E+01  3.8462E+01  2.6887E-01
  5.0000E+00  1.0341E+01  3.8462E+01  2.6887E-01
  5.0000E+00  1.0341E+01  3.8462E+01  2.6887E-01
  5.0000E+00  1.0341E+01  3.8462E+01  2.6887E-01
  5.0000E+00  1.0341E+01  3.8462E+01  2.6887E-01
  5.0000E+00  1.0341E+01  3.8462E+01  2.6887E-01
  5.0000E+00  1.0341E+01  3.8462E+01  2.6887E-01
  6.0000E+00  1.0846E+01  3.6954E+01  2.9349E-01
  6.0000E+00  1.0846E+01  3.6954E+01  2.9349E-01
  6.0000E+00  1.0846E+01  3.6954E+01  2.9349E-01
  6.0000E+00  1.0846E+01  3.6954E+01  2.9349E-01
  6.0000E+00  1.0846E+01  3.6954E+01  2.9349E-01
  6.0000E+00  1.0846E+01  3.6954E+01  2.9349E-01
  6.0000E+00  1.0846E+01  3.6954E+01  2.9349E-01
  6.0000E+00  1.0846E+01  3.6954E+01  2.9349E-01
  6.0000E+00  1.0846E+01  3.6954E+01  2.9349E-01
  6.0000E+00  1.0846E+01  3.6954E+01  2.9349E-01
  6.0000E+00  1.0846E+01  3.6954E+01  2.9349E-01
  6.0000E+00  1.0846E+01  3.6954E+01  2.9349E-01
  6.0000E+00  1.0846E+01  3.6954E+01  2.9349E-01
  6.0000E+00  1.0846E+01  3.6954E+01  2.9349E-01
  6.0000E+00  1.0846E+01  3.6954E+01  2.9349E-01
  6.0000E+00  1.0846E+01  3.6954E+01  2.9349E-01
  6.0000E+00  1.0846E+01  3.6954E+01  2.9349E-01
  6.0000E+00  1.0846E+01  3.6954E+01  2.9349E-01
  6.0000E+00  1.0846E+01  3.6954E+01  2.9349E-01
  6.0000E+00  1.0846E+01  3.6954E+01  2.9349E-01
  6.0000E+00  1.0846E+01  3.6954E+01  2.9349E-01
  6.0000E+00  1.0846E+01  3.6954E+01  2.9349E-01
  6.0000E+00  1.0846E+01  3.6954E+01  2.9349E-01
  6.0000E+00  1.0846E+01  3.6954E+01  2.9349E-01
  6.0000E+00  1.0846E+01  3.6954E+01  2.9349E-01
  6.0000E+00  1.0846E+01  3.6954E+01  2.9349E-01
  6.0000E+00  1.0846E+01  3.6954E+01  2.9349E-01
  6.0000E+00  1.0846E+01  3.6954E+01  2.9349E-01
  6.0000E+00  1.0846E+01  3.6954E+01  2.9349E-01
  6.0000E+00  1.0846E+01  3.6954E+01  2.9349E-01
  6.0000E+00  1.0846E+01  3.6954E+01  2.9349E-01
  7.0000E+00  1.1939E+01  3.4091E+01  3.5022E-01
  7.0000E+00  1.1939E+01  3.4091E+01  3.5022E-01
  7.0000E+00  1.1939E+01  3.4091E+01  3.5022E-01
  7.0000E+00  1.1939E+01  3.4091E+01  3.5022E-01
  7.0000E+00  1.1939E+01  3.4091E+01  3.5022E-01
  7.0000E+00  1.1939E+01  3.4091E+01  3.5022E-01
  7.0000E+00  1.1939E+01  3.4091E+01  3.5022E-01
  7.0000E+00  1.1939E+01  3.4091E+01  3.5022E-01
  7.0000E+00  1.1939E+01  3.4091E+01  3.5022E-01
  7.0000E+00  1.1939E+01  3.4091E+01  3.5022E-01
  7.0000E+00  1.1939E+01  3.4091E+01  3.5022E-01
  7.0000E+00  1.1939E+01  3.4091E+01  3.5022E-01
  7.0000E+00  1.1939E+01  3.4091E+01  3.5022E-01
  7.0000E+00  1.1939E+01  3.4091E+01  3.5022E-01
  7.0000E+00  1.1939E+01  3.4091E+01  3.5022E-01
  7.0000E+00  1.1939E+01  3.4091E+01  3.5022E-01
  7.0000E+00  1.1939E+01  3.4091E+01  3.5022E-01
  7.0000E+00  1.1939E+01  3.4091E+01  3.5022E-01
  7.0000E+00  1.1939E+01  3.4091E+01  3.5022E-01
  7.0000E+00  1.1939E+01  3.4091E+01  3.5022E-01
  7.0000E+00  1.1939E+01  3.4091E+01  3.5022E-01
  7.0000E+00  1.1939E+01  3.4091E+01  3.5022E-01
  7.0000E+00  1.1939E+01  3.4091E+01  3.5022E-01
  7.0000E+00  1.1939E+01  3.4091E+01  3.5022E-01
  7.0000E+00  1.1939E+01  3.4091E+01  3.5022E-01
  7.0000E+00  1.1939E+01  3.4091E+01  3.5022E-01
  7.0000E+00  1.1939E+01  3.4091E+01  3.5022E-01
  7.0000E+00  1.1939E+01  3.4091E+01  3.5022E-01
  7.0000E+00  1.1939E+01  3.4091E+01  3.5022E-01
  7.0000E+00  1.1939E+01  3.4091E+01  3.5022E-01
  7.0000E+00  1.1939E+01  3.4091E+01  3.5022E-01
  8.0000E+00  1.1349E+01  3.5574E+01  3.1901E-01
  8.0000E+00  1.1349E+01  3.5574E+01  3.1901E-01
  8.0000E+00  1.1349E+01  3.5574E+01  3.1901E-01
  8.0000E+00  1.1349E+01  3.5574E+01  3.1901E-01
  8.0000E+00  1.1349E+01  3.5574E+01  3.1901E-01
  8.0000E+00  1.1349E+01  3.5574E+01  3.1901E-01
  8.0000E+00  1.1349E+01  3.5574E+01  3.1901E-01
  8.0000E+00  1.1349E+01  3.5574E+01  3.1901E-01
  8.0000E+00  1.1349E+01  3.5574E+01  3.1901E-01
  8.0000E+00  1.1349E+01  3.5574E+01  3.1901E-01
  8.0000E+00  1.1349E+01  3.5574E+01  3.1901E-01
  8.0000E+00  1.1349E+01  3.5574E+01  3.1901E-01
  8.0000E+00  1.1349E+01  3.5574E+01  3.1901E-01
  8.0000E+00  1.1349E+01  3.5574E+01  3.1901E-01
  8.0000E+00  1.1349E+01  3.5574E+01  3.1901E-01
  8.0000E+00  1.1349E+01  3.5574E+01  3.1901E-01
  8.0000E+00  1.1349E+01  3.5574E+01  3.1901E-01
  8.0000E+00  1.1349E+01  3.5574E+01  3.1901E-01
  8.0000E+00  1.1349E+01  3.5574E+01  3.1901E-01
  8.0000E+00  1.1349E+01  3.5574E+01  3.1901E-01
  8.0000E+00  1.1349E+01  3.5574E+01  3.1901E-01
  8.0000E+00  1.1349E+01  3.5574E+01  3.1901E-01
  8.0000E+00  1.1349E+01  3.5574E+01  3.1901E-01
  8.0000E+00  1.1349E+01  3.5574E+01  3.1901E-01
  8.0000E+00  1.1349E+01  3.5574E+01  3.1901E-01
  8.0000E+00  1.1349E+01  3.5574E+01  3.1901E-01
  8.0000E+00  1.1349E+01  3.5574E+01  3.1901E-01
  8.0000E+00  1.1349E+01  3.5574E+01  3.1901E-01
  8.0000E+00  1.1349E+01  3.5574E+01  3.1901E-01
  8.0000E+00  1.1349E+01  3.5574E+01  3.1901E-01
  8.0000E+00  1.1349E+01  3.5574E+01  3.1901E-01
  9.0000E+00  1.1974E+01  3.4007E+01  3.5212E-01
  9.0000E+00  1.1974E+01  3.4007E+01  3.5212E-01
  9.0000E+00  1.1974E+01  3.4007E+01  3.5212E-01
  9.0000E+00  1.1974E+01  3.4007E+01  3.5212E-01
  9.0000E+00  1.1974E+01  3.4007E+01  3.5212E-01
  9.0000E+00  1.1974E+01  3.4007E+01  3.5212E-01
  9.0000E+00  1.1974E+01  3.4007E+01  3.5212E-01
  9.0000E+00  1.1974E+01  3.4007E+01  3.5212E-01
  9.0000E+00  1.1974E+01  3.4007E+01  3.5212E-01
  9.0000E+00  1.1974E+01  3.4007E+01  3.5212E-01
  9.0000E+00  1.1974E+01  3.4007E+01  3.5212E-01
  9.0000E+00  1.1974E+01  3.4007E+01  3.5212E-01
  9.0000E+00  1.1974E+01  3.4007E+01  3.5212E-01
  9.0000E+00  1.1974E+01  3.4007E+01  3.5212E-01
  9.0000E+00  1.1974E+01  3.4007E+01  3.5212E-01
  9.0000E+00  1.1974E+01  3.4007E+01  3.5212E-01
  9.0000E+00  1.1974E+01  3.4007E+01  3.5212E-01
  9.0000E+00  1.1974E+01  3.4007E+01  3.5212E-01
  9.0000E+00  1.1974E+01  3.4007E+01  3.5212E-01
  9.0000E+00  1.1974E+01  3.4007E+01  3.5212E-01
  9.0000E+00  1.1974E+01  3.4007E+01  3.5212E-01
  9.0000E+00  1.1974E+01  3.4007E+01  3.5212E-01
  9.0000E+00  1.1974E+01  3.4007E+01  3.5212E-01
  9.0000E+00  1.1974E+01  3.4007E+01  3.5212E-01
  9.0000E+00  1.1974E+01  3.4007E+01  3.5212E-01
  9.0000E+00  1.1974E+01  3.4007E+01  3.5212E-01
  9.0000E+00  1.1974E+01  3.4007E+01  3.5212E-01
  9.0000E+00  1.1974E+01  3.4007E+01  3.5212E-01
  9.0000E+00  1.1974E+01  3.4007E+01  3.5212E-01
  9.0000E+00  1.1974E+01  3.4007E+01  3.5212E-01
  9.0000E+00  1.1974E+01  3.4007E+01  3.5212E-01
  1.0000E+01  1.0898E+01  3.6804E+01  2.9612E-01
  1.0000E+01  1.0898E+01  3.6804E+01  2.9612E-01
  1.0000E+01  1.0898E+01  3.6804E+01  2.9612E-01
  1.0000E+01  1.0898E+01  3.6804E+01  2.9612E-01
  1.0000E+01  1.0898E+01  3.6804E+01  2.9612E-01
  1.0000E+01  1.0898E+01  3.6804E+01  2.9612E-01
  1.0000E+01  1.0898E+01  3.6804E+01  2.9612E-01
  1.0000E+01  1.0898E+01  3.6804E+01  2.9612E-01
  1.0000E+01  1.0898E+01  3.6804E+01  2.9612E-01
  1.0000E+01  1.0898E+01  3.6804E+01  2.9612E-01
  1.0000E+01  1.0898E+01  3.6804E+01  2.9612E-01
  1.0000E+01  1.0898E+01  3.6804E+01  2.9612E-01
  1.0000E+01  1.0898E+01  3.6804E+01  2.9612E-01
  1.0000E+01  1.0898E+01  3.6804E+01  2.9612E-01
  1.0000E+01  1.0898E+01  3.6804E+01  2.9612E-01
  1.0000E+01  1.0898E+01  3.6804E+01  2.9612E-01
  1.0000E+01  1.0898E+01  3.6804E+01  2.9612E-01
  1.0000E+01  1.0898E+01  3.6804E+01  2.9612E-01
  1.0000E+01  1.0898E+01  3.6804E+01  2.9612E-01
  1.0000E+01  1.0898E+01  3.6804E+01  2.9612E-01
  1.0000E+01  1.0898E+01  3.6804E+01  2.9612E-01
  1.0000E+01  1.0898E+01  3.6804E+01  2.9612E-01
  1.0000E+01  1.0898E+01  3.6804E+01  2.9612E-01
  1.0000E+01  1.0898E+01  3.6804E+01  2.9612E-01
  1.0000E+01  1.0898E+01  3.6804E+01  2.9612E-01
  1.0000E+01  1.0898E+01  3.6804E+01  2.9612E-01
  1.0000E+01  1.0898E+01  3.6804E+01  2.9612E-01
  1.0000E+01  1.0898E+01  3.6804E+01  2.9612E-01
  1.0000E+01  1.0898E+01  3.6804E+01  2.9612E-01
  1.0000E+01  1.0898E+01  3.6804E+01  2.9612E-01
  1.0000E+01  1.0898E+01  3.6804E+01  2.9612E-01
  1.1000E+01  1.1282E+01  3.5751E+01  3.1557E-01
  1.1000E+01  1.1282E+01  3.5751E+01  3.1557E-01
  1.1000E+01  1.1282E+01  3.5751E+01  3.1557E-01
  1.1000E+01  1.1282E+01  3.5751E+01  3.1557E-01
  1.1000E+01  1.1282E+01  3.5751E+01  3.1557E-01
  1.1000E+01  1.1282E+01  3.5751E+01  3.1557E-01
  1.1000E+01  1.1282E+01  3.5751E+01  3.1557E-01
  1.1000E+01  1.1282E+01  3.5751E+01  3.1557E-01
  1.1000E+01  1.1282E+01  3.5751E+01  3.1557E-01
  1.1000E+01  1.1282E+01  3.5751E+01  3.1557E-01
  1.1000E+01  1.1282E+01  3.5751E+01  3.1557E-01
  1.1000E+01  1.1282E+01  3.5751E+01  3.1557E-01
  1.1000E+01  1.1282E+01  3.5751E+01  3.1557E-01
  1.1000E+01  1.1282E+01  3.5751E+01  3.1557E-01
  1.1000E+01  1.1282E+01  3.5751E+01  3.1557E-01
  1.1000E+01  1.1282E+01  3.5751E+01  3.1557E-01
  1.1000E+01  1.1282E+01  3.5751E+01  3.1557E-01
  1.1000E+01  1.1282E+01  3.5751E+01  3.1557E-01
  1.1000E+01  1.1282E+01  3.5751E+01  3.1557E-01
  1.1000E+01  1.1282E+01  3.5751E+01  3.1557E-01
  1.1000E+01  1.1282E+01  3.5751E+01  3.1557E-01
  1.1000E+01  1.1282E+01  3.5751E+01  3.1557E-01
  1.1000E+01  1.1282E+01  3.5751E+01  3.1557E-01
  1.1000E+01  1.1282E+01  3.5751E+01  3.1557E-01
  1.1000E+01  1.1282E+01  3.5751E+01  3.1557E-01
  1.1000E+01  1.1282E+01  3.5751E+01  3.1557E-01
  1.1000E+01  1.1282E+01  3.5751E+01  3.1557E-01
  1.1000E+01  1.1282E+01  3.5751E+01  3.1557E-01
  1.1000E+01  1.1282E+01  3.5751E+01  3.1557E-01
  1.1000E+01  1.1282E+01  3.5751E+01  3.1557E-01
  1.1000E+01  1.1282E+01  3.5751E+01  3.1557E-01
  1.2000E+01  1.0608E+01  3.7650E+01  2.8174E-01
  1.2000E+01  1.0608E+01  3.7650E+01  2.8174E-01
  1.2000E+01  1.0608E+01  3.7650E+01  2.8174E-01
  1.2000E+01  1.0608E+01  3.7650E+01  2.8174E-01
  1.2000E+01  1.0608E+01  3.7650E+01  2.8174E-01
  1.2000E+01  1.0608E+01  3.7650E+01  2.8174E-01
  1.2000E+01  1.0608E+01  3.7650E+01  2.8174E-01
  1.2000E+01  1.0608E+01  3.7650E+01  2.8174E-01
  1.2000E+01  1.0608E+01  3.7650E+01  2.8174E-01
  1.2000E+01  1.0608E+01  3.7650E+01  2.8174E-01
  1.2000E+01  1.0608E+01  3.7650E+01  2.8174E-01
  1.2000E+01  1.0608E+01  3.7650E+01  2.8174E-01
  1.2000E+01  1.0608E+01  3.7650E+01  2.8174E-01
  1.2000E+01  1.0608E+01  3.7650E+01  2.8174E-01
  1.2000E+01  1.0608E+01  3.7650E+01  2.8174E-01
  1.2000E+01  1.0608E+01  3.7650E+01  2.8174E-01
  1.2000E+01  1.0608E+01  3.7650E+01  2.8174E-01
  1.2000E+01  1.0608E+01  3.7650E+01  2.8174E-01
  1.2000E+01  1.0608E+01  3.7650E+01  2.8174E-01
  1.2000E+01  1.0608E+01  3.7650E+01  2.8174E-01
  1.2000E+01  1.0608E+01  3.7650E+01  2.8174E-01
  1.2000E+01  1.0608E+01  3.7650E+01  2.8174E-01
  1.2000E+01  1.0608E+01  3.7650E+01  2.8174E-01
  1.2000E+01  1.0608E+01  3.7650E+01  2.8174E-01
  1.2000E+01  1.0608E+01  3.7650E+01  2.8174E-01
  1.2000E+01  1.0608E+01  3.7650E+01  2.8174E-01
  1.2000E+01  1.0608E+01  3.7650E+01  2.8174E-01
  1.2000E+01  1.0608E+01  3.7650E+01  2.8174E-01
  1.2000E+01  1.0608E+01  3.7650E+01  2.8174E-01
  1.2000E+01  1.0608E+01  3.7650E+01  2.8174E-01
  1.2000E+01  1.0608E+01  3.7650E+01  2.8174E-01
  1.3000E+01  1.2289E+01  3.3273E+01  3.6935E-01
  1.3000E+01  1.2289E+01  3.3273E+01  3.6935E-01
  1.3000E+01  1.2289E+01  3.3273E+01  3.6935E-01
  1.3000E+01  1.2289E+01  3.3273E+01  3.6935E-01
  1.3000E+01  1.2289E+01  3.3273E+01  3.6935E-01
  1.3000E+01  1.2289E+01  3.3273E+01  3.6935E-01
  1.3000E+01  1.2289E+01  3.3273E+01  3.6935E-01
  1.3000E+01  1.2289E+01  3.3273E+01  3.6935E-01
  1.3000E+01  1.2289E+01  3.3273E+01  3.6935E-01
  1.3000E+01  1.2289E+01  3.3273E+01  3.6935E-01
  1.3000E+01  1.2289E+01  3.3273E+01  3.6935E-01
  1.3000E+01  1.2289E+01  3.3273E+01  3.6935E-01
  1.3000E+01  1.2289E+01  3.3273E+01  3.6935E-01
  1.3000E+01  1.2289E+01  3.3273E+01  3.6935E-01
  1.3000E+01  1.2289E+01  3.3273E+01  3.6935E-01
  1.3000E+01  1.2289E+01  3.3273E+01  3.6935E-01
  1.3000E+01  1.2289E+01  3.3273E+01  3.6935E-01
  1.3000E+01  1.2289E+01  3.3273E+01  3.6935E-01
  1.3000E+01  1.2289E+01  3.3273E+01  3.6935E-01
  1.3000E+01  1.2289E+01  3.3273E+01  3.6935E-01
  1.3000E+01  1.2289E+01  3.3273E+01  3.6935E-01
  1.3000E+01  1.2289E+01  3.3273E+01  3.6935E-01
  1.3000E+01  1.2289E+01  3.3273E+01  3.6935E-01
  1.3000E+01  1.2289E+01  3.3273E+01  3.6935E-01
  1.3000E+01  1.2289E+01  3.3273E+01  3.6935E-01
  1.3000E+01  1.2289E+01  3.3273E+01  3.6935E-01
  1.3000E+01  1.2289E+01  3.3273E+01  3.6935E-01
  1.3000E+01  1.2289E+01  3.3273E+01  3.6935E-01
  1.3000E+01  1.2289E+01  3.3273E+01  3.6935E-01
  1.3000E+01  1.2289E+01  3.3273E+01  3.6935E-01
  1.3000E+01  1.2289E+01  3.3273E+01  3.6935E-01
  1.4000E+01  1.0213E+01  3.8869E+01  2.6275E-01
  1.4000E+01  1.0213E+01  3.8869E+01  2.6275E-01
  1.4000E+01  1.0213E+01  3.8869E+01  2.6275E-01
  1.4000E+01  1.0213E+01  3.8869E+01  2.6275E-01
  1.4000E+01  1.0213E+01  3.8869E+01  2.6275E-01
  1.4000E+01  1.0213E+01  3.8869E+01  2.6275E-01
  1.4000E+01  1.0213E+01  3.8869E+01  2.6275E-01
  1.4000E+01  1.0213E+01  3.8869E+01  2.6275E-01
  1.4000E+01  1.0213E+01  3.8869E+01  2.6275E-01
  1.4000E+01  1.0213E+01  3.8869E+01  2.6275E-01
  1.4000E+01  1.0213E+01  3.8869E+01  2.6275E-01
  1.4000E+01  1.0213E+01  3.8869E+01  2.6275E-01
  1.4000E+01  1.0213E+01  3.8869E+01  2.6275E-01
  1.4000E+01  1.0213E+01  3.8869E+01  2.6275E-01
  1.4000E+01  1.0213E+01  3.8869E+01  2.6275E-01
  1.4000E+01  1.0213E+01  3.8869E+01  2.6275E-01
  1.4000E+01  1.0213E+01  3.8869E+01  2.6275E-01
  1.4000E+01  1.0213E+01  3.8869E+01  2.6275E-01
  1.4000E+01  1.0213E+01  3.8869E+01  2.6275E-01
  1.4000E+01  1.0213E+01  3.8869E+01  2.6275E-01
  1.4000E+01  1.0213E+01  3.8869E+01  2.6275E-01
  1.4000E+01  1.0213E+01  3.8869E+01  2.6275E-01
  1.4000E+01  1.0213E+01  3.8869E+01  2.6275E-01
  1.4000E+01  1.0213E+01  3.8869E+01  2.6275E-01
  1.4000E+01  1.0213E+01  3.8869E+01  2.6275E-01
  1.4000E+01  1.0213E+01  3.8869E+01  2.6275E-01
  1.4000E+01  1.0213E+01  3.8869E+01  2.6275E-01
  1.4000E+01  1.0213E+01  3.8869E+01  2.6275E-01
  1.4000E+01  1.0213E+01  3.8869E+01  2.6275E-01
  1.4000E+01  1.0213E+01  3.8869E+01  2.6275E-01
  1.4000E+01  1.0213E+01  3.8869E+01  2.6275E-01
  1.5000E+01  1.1399E+01  3.5443E+01  3.2160E-01
  1.5000E+01  1.1399E+01  3.5443E+01  3.2160E-01
  1.5000E+01  1.1399E+01  3.5443E+01  3.2160E-01
  1.5000E+01  1.1399E+01  3.5443E+01  3.2160E-01
  1.5000E+01  1.1399E+01  3.5443E+01  3.2160E-01
  1.5000E+01  1.1399E+01  3.5443E+01  3.2160E-01
  1.5000E+01  1.1399E+01  3.5443E+01  3.2160E-01
  1.5000E+01  1.1399E+01  3.5443E+01  3.2160E-01
  1.5000E+01  1.1399E+01  3.5443E+01  3.2160E-01
  1.5000E+01  1.1399E+01  3.5443E+01  3.2160E-01
  1.5000E+01  1.1399E+01  3.5443E+01  3.2160E-01
  1.5000E+01  1.1399E+01  3.5443E+01  3.2160E-01
  1.5000E+01  1.1399E+01  3.5443E+01  3.2160E-01
  1.5000E+01  1.1399E+01  3.5443E+01  3.2160E-01
  1.5000E+01  1.1399E+01  3.5443E+01  3.2160E-01
  1.5000E+01  1.1399E+01  3.5443E+01  3.2160E-01
  1.5000E+01  1.1399E+01  3.5443E+01  3.2160E-01
  1.5000E+01  1.1399E+01  3.5443E+01  3.2160E-01
  1.5000E+01  1.1399E+01  3.5443E+01  3.2160E-01
  1.5000E+01  1.1399E+01  3.5443E+01  3.2160E-01
  1.5000E+01  1.1399E+01  3.5443E+01  3.2160E-01
  1.5000E+01  1.1399E+01  3.5443E+01  3.2160E-01
  1.5000E+01  1.1399E+01  3.5443E+01  3.2160E-01
  1.5000E+01  1.1399E+01  3.5443E+01  3.2160E-01
  1.5000E+01  1.1399E+01  3.5443E+01  3.2160E-01
  1.5000E+01  1.1399E+01  3.5443E+01  3.2160E-01
  1.5000E+01  1.1399E+01  3.5443E+01  3.2160E-01
  1.5000E+01  1.1399E+01  3.5443E+01  3.2160E-01
  1.5000E+01  1.1399E+01  3.5443E+01  3.2160E-01
  1.5000E+01  1.1399E+01  3.5443E+01  3.2160E-01
  1.5000E+01  1.1399E+01  3.5443E+01  3.2160E-01
  1.6000E+01  1.0211E+01  3.8874E+01  2.6267E-01
  1.6000E+01  1.0211E+01  3.8874E+01  2.6267E-01
  1.6000E+01  1.0211E+01  3.8874E+01  2.6267E-01
  1.6000E+01  1.0211E+01  3.8874E+01  2.6267E-01
  1.6000E+01  1.0211E+01  3.8874E+01  2.6267E-01
  1.6000E+01  1.0211E+01  3.8874E+01  2.6267E-01
  1.6000E+01  1.0211E+01  3.8874E+01  2.6267E-01
  1.6000E+01  1.0211E+01  3.8874E+01  2.6267E-01
  1.6000E+01  1.0211E+01  3.8874E+01  2.6267E-01
  1.6000E+01  1.0211E+01  3.8874E+01  2.6267E-01
  1.6000E+01  1.0211E+01  3.8874E+01  2.6267E-01
  1.6000E+01  1.0211E+01  3.8874E+01  2.6267E-01
  1.6000E+01  1.0211E+01  3.8874E+01  2.6267E-01
  1.6000E+01  1.0211E+01  3.8874E+01  2.6267E-01
  1.6000E+01  1.0211E+01  3.8874E+01  2.6267E-01
  1.6000E+01  1.0211E+01  3.8874E+01  2.6267E-01
  1.6000E+01  1.0211E+01  3.8874E+01  2.6267E-01
  1.6000E+01  1.0211E+01  3.8874E+01  2.6267E-01
  1.6000E+01  1.0211E+01  3.8874E+01  2.6267E-01
  1.6000E+01  1.0211E+01  3.8874E+01  2.6267E-01
  1.6000E+01  1.0211E+01  3.8874E+01  2.6267E-01
  1.6000E+01  1.0211E+01  3.8874E+01  2.6267E-01
  1.6000E+01  1.0211E+01  3.8874E+01  2.6267E-01
  1.6000E+01  1.0211E+01  3.8874E+01  2.6267E-01
  1.6000E+01  1.0211E+01  3.8874E+01  2.6267E-01
  1.6000E+01  1.0211E+01  3.8874E+01  2.6267E-01
  1.6000E+01  1.0211E+01  3.8874E+01  2.6267E-01
  1.6000E+01  1.0211E+01  3.8874E+01  2.6267E-01
  1.6000E+01  1.0211E+01  3.8874E+01  2.6267E-01
  1.6000E+01  1.0211E+01  3.8874E+01  2.6267E-01
  1.6000E+01  1.0211E+01  3.8874E+01  2.6267E-01
  1.7000E+01  1.0562E+01  3.7785E+01  2.7953E-01
  1.7000E+01  1.0562E+01  3.7785E+01  2.7953E-01
  1.7000E+01  1.0562E+01  3.7785E+01  2.7953E-01
  1.7000E+01  1.0562E+01  3.7785E+01  2.7953E-01
  1.7000E+01  1.0562E+01  3.7785E+01  2.7953E-01
  1.7000E+01  1.0562E+01  3.7785E+01  2.7953E-01
  1.7000E+01  1.0562E+01  3.7785E+01  2.7953E-01
  1.7000E+01  1.0562E+01  3.7785E+01  2.7953E-01
  1.7000E+01  1.0562E+01  3.7785E+01  2.7953E-01
  1.7000E+01  1.0562E+01  3.7785E+01  2.7953E-01
  1.7000E+01  1.0562E+01  3.7785E+01  2.7953E-01
  1.7000E+01  1.0562E+01  3.7785E+01  2.7953E-01
  1.7000E+01  1.0562E+01  3.7785E+01  2.7953E-01
  1.7000E+01  1.0562E+01  3.7785E+01  2.7953E-01
  1.7000E+01  1.0562E+01  3.7785E+01  2.7953E-01
  1.7000E+01  1.0562E+01  3.7785E+01  2.7953E-01
  1.7000E+01  1.0562E+01  3.7785E+01  2.7953E-01
  1.7000E+01  1.0562E+01  3.7785E+01  2.7953E-01
  1.7000E+01  1.0562E+01  3.7785E+01  2.7953E-01
  1.7000E+01  1.0562E+01  3.7785E+01  2.7953E-01
  1.7000E+01  1.0562E+01  3.7785E+01  2.7953E-01
  1.7000E+01  1.0562E+01  3.7785E+01  2.7953E-01
  1.7000E+01  1.0562E+01  3.7785E+01  2.7953E-01
  1.7000E+01  1.0562E+01  3.7785E+01  2.7953E-01
  1.7000E+01  1.0562E+01  3.7785E+01  2.7953E-01
  1.7000E+01  1.0562E+01  3.7785E+01  2.7953E-01
  1.7000E+01  1.0562E+01  3.7785E+01  2.7953E-01
  1.7000E+01  1.0562E+01  3.7785E+01  2.7953E-01
  1.7000E+01  1.0562E+01  3.7785E+01  2.7953E-01
  1.7000E+01  1.0562E+01  3.7785E+01  2.7953E-01
  1.7000E+01  1.0562E+01  3.7785E+01  2.7953E-01
  1.8000E+01  9.7225E+00  4.0508E+01  2.4002E-01
  1.8000E+01  9.7225E+00  4.0508E+01  2.4002E-01
  1.8000E+01  9.7225E+00  4.0508E+01  2.4002E-01
  1.8000E+01  9.7225E+00  4.0508E+01  2.4002E-01
  1.8000E+01  9.7225E+00  4.0508E+01  2.4002E-01
  1.8000E+01  9.7225E+00  4.0508E+01  2.4002E-01
  1.8000E+01  9.7225E+00  4.0508E+01  2.4002E-01
  1.8000E+01  9.7225E+00  4.0508E+01  2.4002E-01
  1.8000E+01  9.7225E+00  4.0508E+01  2.4002E-01
  1.8000E+01  9.7225E+00  4.0508E+01  2.4002E-01
  1.8000E+01  9.7225E+00  4.0508E+01  2.4002E-01
  1.8000E+01  9.7225E+00  4.0508E+01  2.4002E-01
  1.8000E+01  9.7225E+00  4.0508E+01  2.4002E-01
  1.8000E+01  9.7225E+00  4.0508E+01  2.4002E-01
  1.8000E+01  9.7225E+00  4.0508E+01  2.4002E-01
  1.8000E+01  9.7225E+00  4.0508E+01  2.4002E-01
  1.8000E+01  9.7225E+00  4.0508E+01  2.4002E-01
  1.8000E+01  9.7225E+00  4.0508E+01  2.4002E-01
  1.8000E+01  9.7225E+00  4.0508E+01  2.4002E-01
  1.8000E+01  9.7225E+00  4.0508E+01  2.4002E-01
  1.8000E+01  9.7225E+00  4.0508E+01  2.4002E-01
  1.8000E+01  9.7225E+00  4.0508E+01  2.4002E-01
  1.8000E+01  9.7225E+00  4.0508E+01  2.4002E-01
  1.8000E+01  9.7225E+00  4.0508E+01  2.4002E-01
  1.8000E+01  9.7225E+00  4.0508E+01  2.4002E-01
  1.8000E+01  9.7225E+00  4.0508E+01  2.4002E-01
  1.8000E+01  9.7225E+00  4.0508E+01  2.4002E-01
  1.8000E+01  9.7225E+00  4.0508E+01  2.4002E-01
  1.8000E+01  9.7225E+00  4.0508E+01  2.4002E-01
  1.8000E+01  9.7225E+00  4.0508E+01  2.4002E-01
  1.8000E+01  9.7225E+00  4.0508E+01  2.4002E-01
  1.9000E+01  1.1478E+01  3.5238E+01  3.2572E-01
  1.9000E+01  1.1478E+01  3.5238E+01  3.2572E-01
  1.9000E+01  1.1478E+01  3.5238E+01  3.2572E-01
  1.9000E+01  1.1478E+01  3.5238E+01  3.2572E-01
  1.9000E+01  1.1478E+01  3.5238E+01  3.2572E-01
  1.9000E+01  1.1478E+01  3.5238E+01  3.2572E-01
  1.9000E+01  1.1478E+01  3.5238E+01  3.2572E-01
  1.9000E+01  1.1478E+01  3.5238E+01  3.2572E-01
  1.9000E+01  1.1478E+01  3.5238E+01  3.2572E-01
  1.9000E+01  1.1478E+01  3.5238E+01  3.2572E-01
  1.9000E+01  1.1478E+01  3.5238E+01  3.2572E-01
  1.9000E+01  1.1478E+01  3.5238E+01  3.2572E-01
  1.9000E+01  1.1478E+01  3.5238E+01  3.2572E-01
  1.9000E+01  1.1478E+01  3.5238E+01  3.2572E-01
  1.9000E+01  1.1478E+01  3.5238E+01  3.2572E-01
  1.9000E+01  1.1478E+01  3.5238E+01  3.2572E-01
  1.9000E+01  1.1478E+01  3.5238E+01  3.2572E-01
  1.9000E+01  1.1478E+01  3.5238E+01  3.2572E-01
  1.9000E+01  1.1478E+01  3.5238E+01  3.2572E-01
  1.9000E+01  1.1478E+01  3.5238E+01  3.2572E-01
  1.9000E+01  1.1478E+01  3.5238E+01  3.2572E-01
  1.9000E+01  1.1478E+01  3.5238E+01  3.2572E-01
  1.9000E+01  1.1478E+01  3.5238E+01  3.2572E-01
  1.9000E+01  1.1478E+01  3.5238E+01  3.2572E-01
  1.9000E+01  1.1478E+01  3.5238E+01  3.2572E-01
  1.9000E+01  1.1478E+01  3.5238E+01  3.2572E-01
  1.9000E+01  1.1478E+01  3.5238E+01  3.2572E-01
  1.9000E+01  1.1478E+01  3.5238E+01  3.2572E-01
  1.9000E+01  1.1478E+01  3.5238E+01  3.2572E-01
  1.9000E+01  1.1478E+01  3.5238E+01  3.2572E-01
  1.9000E+01  1.1478E+01  3.5238E+01  3.2572E-01
  2.0000E+01  1.0392E+01  3.8305E+01  2.7129E-01
  2.0000E+01  1.0392E+01  3.8305E+01  2.7129E-01
  2.0000E+01  1.0392E+01  3.8305E+01  2.7129E-01
  2.0000E+01  1.0392E+01  3.8305E+01  2.7129E-01
  2.0000E+01  1.0392E+01  3.8305E+01  2.7129E-01
  2.0000E+01  1.0392E+01  3.8305E+01  2.7129E-01
  2.0000E+01  1.0392E+01  3.8305E+01  2.7129E-01
  2.0000E+01  1.0392E+01  3.8305E+01  2.7129E-01
  2.0000E+01  1.0392E+01  3.8305E+01  2.7129E-01
  2.0000E+01  1.0392E+01  3.8305E+01  2.7129E-01
  2.0000E+01  1.0392E+01  3.8305E+01  2.7129E-01
  2.0000E+01  1.0392E+01  3.8305E+01  2.7129E-01
  2.0000E+01  1.0392E+01  3.8305E+01  2.7129E-01
  2.0000E+01  1.0392E+01  3.8305E+01  2.7129E-01
  2.0000E+01  1.0392E+01  3.8305E+01  2.7129E-01
  2.0000E+01  1.0392E+01  3.8305E+01  2.7129E-01
  2.0000E+01  1.0392E+01  3.8305E+01  2.7129E-01
  2.0000E+01  1.0392E+01  3.8305E+01  2.7129E-01
  2.0000E+01  1.0392E+01  3.8305E+01  2.7129E-01
  2.0000E+01  1.0392E+01  3.8305E+01  2.7129E-01
  2.0000E+01  1.0392E+01  3.8305E+01  2.7129E-01
  2.0000E+01  1.0392E+01  3.8305E+01  2.7129E-01
  2.0000E+01  1.0392E+01  3.8305E+01  2.7129E-01
  2.0000E+01  1.0392E+01  3.8305E+01  2.7129E-01
  2.0000E+01  1.0392E+01  3.8305E+01  2.7129E-01
  2.0000E+01  1.0392E+01  3.8305E+01  2.7129E-01
  2.0000E+01  1.0392E+01  3.8305E+01  2.7129E-01
  2.0000E+01  1.0392E+01  3.8305E+01  2.7129E-01
  2.0000E+01  1.0392E+01  3.8305E+01  2.7129E-01
  2.0000E+01  1.0392E+01  3.8305E+01  2.7129E-01
  2.0000E+01  1.0392E+01  3.8305E+01  2.7129E-01
  2.1000E+01  1.0168E+01  3.9011E+01  2.6065E-01
  2.1000E+01  1.0168E+01  3.9011E+01  2.6065E-01
  2.1000E+01  1.0168E+01  3.9011E+01  2.6065E-01
  2.1000E+01  1.0168E+01  3.9011E+01  2.6065E-01
  2.1000E+01  1.0168E+01  3.9011E+01  2.6065E-01
  2.1000E+01  1.0168E+01  3.9011E+01  2.6065E-01
  2.1000E+01  1.0168E+01  3.9011E+01  2.6065E-01
  2.1000E+01  1.0168E+01  3.9011E+01  2.6065E-01
  2.1000E+01  1.0168E+01  3.9011E+01  2.6065E-01
  2.1000E+01  1.0168E+01  3.9011E+01  2.6065E-01
  2.1000E+01  1.0168E+01  3.9011E+01  2.6065E-01
  2.1000E+01  1.0168E+01  3.9011E+01  2.6065E-01
  2.1000E+01  1.0168E+01  3.9011E+01  2.6065E-01
  2.1000E+01  1.0168E+01  3.9011E+01  2.6065E-01
  2.1000E+01  1.0168E+01  3.9011E+01  2.6065E-01
  2.1000E+01  1.0168E+01  3.9011E+01  2.6065E-01
  2.1000E+01  1.0168E+01  3.9011E+01  2.6065E-01
  2.1000E+01  1.0168E+01  3.9011E+01  2.6065E-01
  2.1000E+01  1.0168E+01  3.9011E+01  2.6065E-01
  2.1000E+01  1.0168E+01  3.9011E+01  2.6065E-01
  2.1000E+01  1.0168E+01  3.9011E+01  2.6065E-01
  2.1000E+01  1.0168E+01  3.9011E+01  2.6065E-01
  2.1000E+01  1.0168E+01  3.9011E+01  2.6065E-01
  2.1000E+01  1.0168E+01  3.9011E+01  2.6065E-01
  2.1000E+01  1.0168E+01  3.9011E+01  2.6065E-01
  2.1000E+01  1.0168E+01  3.9011E+01  2.6065E-01
  2.1000E+01  1.0168E+01  3.9011E+01  2.6065E-01
  2.1000E+01  1.0168E+01  3.9011E+01  2.6065E-01
  2.1000E+01  1.0168E+01  3.9011E+01  2.6065E-01
  2.1000E+01  1.0168E+01  3.9011E+01  2.6065E-01
  2.1000E+01  1.0168E+01  3.9011E+01  2.6065E-01
  2.2000E+01  9.8787E+00  3.9969E+01  2.4716E-01
  2.2000E+01  9.8787E+00  3.9969E+01  2.4716E-01
  2.2000E+01  9.8787E+00  3.9969E+01  2.4716E-01
  2.2000E+01  9.8787E+00  3.9969E+01  2.4716E-01
  2.2000E+01  9.8787E+00  3.9969E+01  2.4716E-01
  2.2000E+01  9.8787E+00  3.9969E+01  2.4716E-01
  2.2000E+01  9.8787E+00  3.9969E+01  2.4716E-01
  2.2000E+01  9.8787E+00  3.9969E+01  2.4716E-01
  2.2000E+01  9.8787E+00  3.9969E+01  2.4716E-01
  2.2000E+01  9.8787E+00  3.9969E+01  2.4716E-01
  2.2000E+01  9.8787E+00  3.9969E+01  2.4716E-01
  2.2000E+01  9.8787E+00  3.9969E+01  2.4716E-01
  2.2000E+01  9.8787E+00  3.9969E+01  2.4716E-01
  2.2000E+01  9.8787E+00  3.9969E+01  2.4716E-01
  2.2000E+01  9.8787E+00  3.9969E+01  2.4716E-01
  2.2000E+01  9.8787E+00  3.9969E+01  2.4716E-01
  2.2000E+01  9.8787E+00  3.9969E+01  2.4716E-01
  2.2000E+01  9.8787E+00  3.9969E+01  2.4716E-01
  2.2000E+01  9.8787E+00  3.9969E+01  2.4716E-01
  2.2000E+01  9.8787E+00  3.9969E+01  2.4716E-01
  2.2000E+01  9.8787E+00  3.9969E+01  2.4716E-01
  2.2000E+01  9.8787E+00  3.9969E+01  2.4716E-01
  2.2000E+01  9.8787E+00  3.9969E+01  2.4716E-01
  2.2000E+01  9.8787E+00  3.9969E+01  2.4716E-01
  2.2000E+01  9.8787E+00  3.9969E+01  2.4716E-01
  2.2000E+01  9.8787E+00  3.9969E+01  2.4716E-01
  2.2000E+01  9.8787E+00  3.9969E+01  2.4716E-01
  2.2000E+01  9.8787E+00  3.9969E+01  2.4716E-01
  2.2000E+01  9.8787E+00  3.9969E+01  2.4716E-01
  2.2000E+01  9.8787E+00  3.9969E+01  2.4716E-01
  2.2000E+01  9.8787E+00  3.9969E+01  2.4716E-01
  2.3000E+01  1.1788E+01  3.4457E+01  3.4211E-01
  2.3000E+01  1.1788E+01  3.4457E+01  3.4211E-01
  2.3000E+01  1.1788E+01  3.4457E+01  3.4211E-01
  2.3000E+01  1.1788E+01  3.4457E+01  3.4211E-01
  2.3000E+01  1.1788E+01  3.4457E+01  3.4211E-01
  2.3000E+01  1.1788E+01  3.4457E+01  3.4211E-01
  2.3000E+01  1.1788E+01  3.4457E+01  3.4211E-01
  2.3000E+01  1.1788E+01  3.4457E+01  3.4211E-01
  2.3000E+01  1.1788E+01  3.4457E+01  3.4211E-01
  2.3000E+01  1.1788E+01  3.4457E+01  3.4211E-01
  2.3000E+01  1.1788E+01  3.4457E+01  3.4211E-01
  2.3000E+01  1.1788E+01  3.4457E+01  3.4211E-01
  2.3000E+01  1.1788E+01  3.4457E+01  3.4211E-01
  2.3000E+01  1.1788E+01  3.4457E+01  3.4211E-01
  2.3000E+01  1.1788E+01  3.4457E+01  3.4211E-01
  2.3000E+01  1.1788E+01  3.4457E+01  3.4211E-01
  2.3000E+01  1.1788E+01  3.4457E+01  3.4211E-01
  2.3000E+01  1.1788E+01  3.4457E+01  3.4211E-01
  2.3000E+01  1.1788E+01  3.4457E+01  3.4211E-01
  2.3000E+01  1.1788E+01  3.4457E+01  3.4211E-01
  2.3000E+01  1.1788E+01  3.4457E+01  3.4211E-01
  2.3000E+01  1.1788E+01  3.4457E+01  3.4211E-01
  2.3000E+01  1.1788E+01  3.4457E+01  3.4211E-01
  2.3000E+01  1.1788E+01  3.4457E+01  3.4211E-01
  2.3000E+01  1.1788E+01  3.4457E+01  3.4211E-01
  2.3000E+01  1.1788E+01  3.4457E+01  3.4211E-01
  2.3000E+01  1.1788E+01  3.4457E+01  3.4211E-01
  2.3000E+01  1.1788E+01  3.4457E+01  3.4211E-01
  2.3000E+01  1.1788E+01  3.4457E+01  3.4211E-01
  2.3000E+01  1.1788E+01  3.4457E+01  3.4211E-01
  2.3000E+01  1.1788E+01  3.4457E+01  3.4211E-01
  2.4000E+01  1.1346E+01  3.5581E+01  3.1888E-01
  2.4000E+01  1.1346E+01  3.5581E+01  3.1888E-01
  2.4000E+01  1.1346E+01  3.5581E+01  3.1888E-01
  2.4000E+01  1.1346E+01  3.5581E+01  3.1888E-01
  2.4000E+01  1.1346E+01  3.5581E+01  3.1888E-01
  2.4000E+01  1.1346E+01  3.5581E+01  3.1888E-01
  2.4000E+01  1.1346E+01  3.5581E+01  3.1888E-01
  2.4000E+01  1.1346E+01  3.5581E+01  3.1888E-01
  2.4000E+01  1.1346E+01  3.5581E+01  3.1888E-01
  2.4000E+01  1.1346E+01  3.5581E+01  3.1888E-01
  2.4000E+01  1.1346E+01  3.5581E+01  3.1888E-01
  2.4000E+01  1.1346E+01  3.5581E+01  3.1888E-01
  2.4000E+01  1.1346E+01  3.5581E+01  3.1888E-01
  2.4000E+01  1.1346E+01  3.5581E+01  3.1888E-01
  2.4000E+01  1.1346E+01  3.5581E+01  3.1888E-01
  2.4000E+01  1.1346E+01  3.5581E+01  3.1888E-01
  2.4000E+01  1.1346E+01  3.5581E+01  3.1888E-01
  2.4000E+01  1.1346E+01  3.5581E+01  3.1888E-01
  2.4000E+01  1.1346E+01  3.5581E+01  3.1888E-01
  2.4000E+01  1.1346E+01  3.5581E+01  3.1888E-01
  2.4000E+01  1.1346E+01  3.5581E+01  3.1888E-01
  2.4000E+01  1.1346E+01  3.5581E+01  3.1888E-01
  2.4000E+01  1.1346E+01  3.5581E+01  3.1888E-01
  2.4000E+01  1.1346E+01  3.5581E+01  3.1888E-01
  2.4000E+01  1.1346E+01  3.5581E+01  3.1888E-01
  2.4000E+01  1.1346E+01  3.5581E+01  3.1888E-01
  2.4000E+01  1.1346E+01  3.5581E+01  3.1888E-01
  2.4000E+01  1.1346E+01  3.5581E+01  3.1888E-01
  2.4000E+01  1.1346E+01  3.5581E+01  3.1888E-01
  2.4000E+01  1.1346E+01  3.5581E+01  3.1888E-01
  2.4000E+01  1.1346E+01  3.5581E+01  3.1888E-01
  2.5000E+01  1.0645E+01  3.7539E+01  2.8357E-01
  2.5000E+01  1.0645E+01  3.7539E+01  2.8357E-01
  2.5000E+01  1.0645E+01  3.7539E+01  2.8357E-01
  2.5000E+01  1.0645E+01  3.7539E+01  2.8357E-01
  2.5000E+01  1.0645E+01  3.7539E+01  2.8357E-01
  2.5000E+01  1.0645E+01  3.7539E+01  2.8357E-01
  2.5000E+01  1.0645E+01  3.7539E+01  2.8357E-01
  2.5000E+01  1.0645E+01  3.7539E+01  2.8357E-01
  2.5000E+01  1.0645E+01  3.7539E+01  2.8357E-01
  2.5000E+01  1.0645E+01  3.7539E+01  2.8357E-01
  2.5000E+01  1.0645E+01  3.7539E+01  2.8357E-01
  2.5000E+01  1.0645E+01  3.7539E+01  2.8357E-01
  2.5000E+01  1.0645E+01  3.7539E+01  2.8357E-01
  2.5000E+01  1.0645E+01  3.7539E+01  2.8357E-01
  2.5000E+01  1.0645E+01  3.7539E+01  2.8357E-01
  2.5000E+01  1.0645E+01  3.7539E+01  2.8357E-01
  2.5000E+01  1.0645E+01  3.7539E+01  2.8357E-01
  2.5000E+01  1.0645E+01  3.7539E+01  2.8357E-01
  2.5000E+01  1.0645E+01  3.7539E+01  2.8357E-01
  2.5000E+01  1.0645E+01  3.7539E+01  2.8357E-01
  2.5000E+01  1.0645E+01  3.7539E+01  2.8357E-01
  2.5000E+01  1.0645E+01  3.7539E+01  2.8357E-01
  2.5000E+01  1.0645E+01  3.7539E+01  2.8357E-01
  2.5000E+01  1.0645E+01  3.7539E+01  2.8357E-01
  2.5000E+01  1.0645E+01  3.7539E+01  2.8357E-01
  2.5000E+01  1.0645E+01  3.7539E+01  2.8357E-01
  2.5000E+01  1.0645E+01  3.7539E+01  2.8357E-01
  2.5000E+01  1.0645E+01  3.7539E+01  2.8357E-01
  2.5000E+01  1.0645E+01  3.7539E+01  2.8357E-01
  2.5000E+01  1.0645E+01  3.7539E+01  2.8357E-01
  2.5000E+01  1.0645E+01  3.7539E+01  2.8357E-01
  2.6000E+01  1.1425E+01  3.5375E+01  3.2297E-01
  2.6000E+01  1.1425E+01  3.5375E+01  3.2297E-01
  2.6000E+01  1.1425E+01  3.5375E+01  3.2297E-01
  2.6000E+01  1.1425E+01  3.5375E+01  3.2297E-01
  2.6000E+01  1.1425E+01  3.5375E+01  3.2297E-01
  2.6000E+01  1.1425E+01  3.5375E+01  3.2297E-01
  2.6000E+01  1.1425E+01  3.5375E+01  3.2297E-01
  2.6000E+01  1.1425E+01  3.5375E+01  3.2297E-01
  2.6000E+01  1.1425E+01  3.5375E+01  3.2297E-01
  2.6000E+01  1.1425E+01  3.5375E+01  3.2297E-01
  2.6000E+01  1.1425E+01  3.5375E+01  3.2297E-01
  2.6000E+01  1.1425E+01  3.5375E+01  3.2297E-01
  2.6000E+01  1.1425E+01  3.5375E+01  3.2297E-01
  2.6000E+01  1.1425E+01  3.5375E+01  3.2297E-01
  2.6000E+01  1.1425E+01  3.5375E+01  3.2297E-01
  2.6000E+01  1.1425E+01  3.5375E+01  3.2297E-01
  2.6000E+01  1.1425E+01  3.5375E+01  3.2297E-01
  2.6000E+01  1.1425E+01  3.5375E+01  3.2297E-01
  2.6000E+01  1.1425E+01  3.5375E+01  3.2297E-01
  2.6000E+01  1.1425E+01  3.5375E+01  3.2297E-01
  2.6000E+01  1.1425E+01  3.5375E+01  3.2297E-01
  2.6000E+01  1.1425E+01  3.5375E+01  3.2297E-01
  2.6000E+01  1.1425E+01  3.5375E+01  3.2297E-01
  2.6000E+01  1.1425E+01  3.5375E+01  3.2297E-01
  2.6000E+01  1.1425E+01  3.5375E+01  3.2297E-01
  2.6000E+01  1.1425E+01  3.5375E+01  3.2297E-01
  2.6000E+01  1.1425E+01  3.5375E+01  3.2297E-01
  2.6000E+01  1.1425E+01  3.5375E+01  3.2297E-01
  2.6000E+01  1.1425E+01  3.5375E+01  3.2297E-01
  2.6000E+01  1.1425E+01  3.5375E+01  3.2297E-01
  2.6000E+01  1.1425E+01  3.5375E+01  3.2297E-01
  2.7000E+01  1.1179E+01  3.6026E+01  3.1031E-01
  2.7000E+01  1.1179E+01  3.6026E+01  3.1031E-01
  2.7000E+01  1.1179E+01  3.6026E+01  3.1031E-01
  2.7000E+01  1.1179E+01  3.6026E+01  3.1031E-01
  2.7000E+01  1.1179E+01  3.6026E+01  3.1031E-01
  2.7000E+01  1.1179E+01  3.6026E+01  3.1031E-01
  2.7000E+01  1.1179E+01  3.6026E+01  3.1031E-01
  2.7000E+01  1.1179E+01  3.6026E+01  3.1031E-01
  2.7000E+01  1.1179E+01  3.6026E+01  3.1031E-01
  2.7000E+01  1.1179E+01  3.6026E+01  3.1031E-01
  2.7000E+01  1.1179E+01  3.6026E+01  3.1031E-01
  2.7000E+01  1.1179E+01  3.6026E+01  3.1031E-01
  2.7000E+01  1.1179E+01  3.6026E+01  3.1031E-01
  2.7000E+01  1.1179E+01  3.6026E+01  3.1031E-01
  2.7000E+01  1.1179E+01  3.6026E+01  3.1031E-01
  2.7000E+01  1.1179E+01  3.6026E+01  3.1031E-01
  2.7000E+01  1.1179E+01  3.6026E+01  3.1031E-01
  2.7000E+01  1.1179E+01  3.6026E+01  3.1031E-01
  2.7000E+01  1.1179E+01  3.6026E+01  3.1031E-01
  2.7000E+01  1.1179E+01  3.6026E+01  3.1031E-01
  2.7000E+01  1.1179E+01  3.6026E+01  3.1031E-01
  2.7000E+01  1.1179E+01  3.6026E+01  3.1031E-01
  2.7000E+01  1.1179E+01  3.6026E+01  3.1031E-01
  2.7000E+01  1.1179E+01  3.6026E+01  3.1031E-01
  2.7000E+01  1.1179E+01  3.6026E+01  3.1031E-01
  2.7000E+01  1.1179E+01  3.6026E+01  3.1031E-01
  2.7000E+01  1.1179E+01  3.6026E+01  3.1031E-01
  2.7000E+01  1.1179E+01  3.6026E+01  3.1031E-01
  2.7000E+01  1.1179E+01  3.6026E+01  3.1031E-01
  2.7000E+01  1.1179E+01  3.6026E+01  3.1031E-01
  2.7000E+01  1.1179E+01  3.6026E+01  3.1031E-01
  2.8000E+01  1.0538E+01  3.7858E+01  2.7836E-01
  2.8000E+01  1.0538E+01  3.7858E+01  2.7836E-01
  2.8000E+01  1.0538E+01  3.7858E+01  2.7836E-01
  2.8000E+01  1.0538E+01  3.7858E+01  2.7836E-01
  2.8000E+01  1.0538E+01  3.7858E+01  2.7836E-01
  2.8000E+01  1.0538E+01  3.7858E+01  2.7836E-01
  2.8000E+01  1.0538E+01  3.7858E+01  2.7836E-01
  2.8000E+01  1.0538E+01  3.7858E+01  2.7836E-01
  2.8000E+01  1.0538E+01  3.7858E+01  2.7836E-01
  2.8000E+01  1.0538E+01  3.7858E+01  2.7836E-01
  2.8000E+01  1.0538E+01  3.7858E+01  2.7836E-01
  2.8000E+01  1.0538E+01  3.7858E+01  2.7836E-01
  2.8000E+01  1.0538E+01  3.7858E+01  2.7836E-01
  2.8000E+01  1.0538E+01  3.7858E+01  2.7836E-01
  2.8000E+01  1.0538E+01  3.7858E+01  2.7836E-01
  2.8000E+01  1.0538E+01  3.7858E+01  2.7836E-01
  2.8000E+01  1.0538E+01  3.7858E+01  2.7836E-01
  2.8000E+01  1.0538E+01  3.7858E+01  2.7836E-01
  2.8000E+01  1.0538E+01  3.7858E+01  2.7836E-01
  2.8000E+01  1.0538E+01  3.7858E+01  2.7836E-01
  2.8000E+01  1.0538E+01  3.7858E+01  2.7836E-01
  2.8000E+01  1.0538E+01  3.7858E+01  2.7836E-01
  2.8000E+01  1.0538E+01  3.7858E+01  2.7836E-01
  2.8000E+01  1.0538E+01  3.7858E+01  2.7836E-01
  2.8000E+01  1.0538E+01  3.7858E+01  2.7836E-01
  2.8000E+01  1.0538E+01  3.7858E+01  2.7836E-01
  2.8000E+01  1.0538E+01  3.7858E+01  2.7836E-01
  2.8000E+01  1.0538E+01  3.7858E+01  2.7836E-01
  2.8000E+01  1.0538E+01  3.7858E+01  2.7836E-01
  2.8000E+01  1.0538E+01  3.7858E+01  2.7836E-01
  2.8000E+01  1.0538E+01  3.7858E+01  2.7836E-01
  2.9000E+01  1.1051E+01  3.6378E+01  3.0378E-01
  2.9000E+01  1.1051E+01  3.6378E+01  3.0378E-01
  2.9000E+01  1.1051E+01  3.6378E+01  3.0378E-01
  2.9000E+01  1.1051E+01  3.6378E+01  3.0378E-01
  2.9000E+01  1.1051E+01  3.6378E+01  3.0378E-01
  2.9000E+01  1.1051E+01  3.6378E+01  3.0378E-01
  2.9000E+01  1.1051E+01  3.6378E+01  3.0378E-01
  2.9000E+01  1.1051E+01  3.6378E+01  3.0378E-01
  2.9000E+01  1.1051E+01  3.6378E+01  3.0378E-01
  2.9000E+01  1.1051E+01  3.6378E+01  3.0378E-01
  2.9000E+01  1.1051E+01  3.6378E+01  3.0378E-01
  2.9000E+01  1.1051E+01  3.6378E+01  3.0378E-01
  2.9000E+01  1.1051E+01  3.6378E+01  3.0378E-01
  2.9000E+01  1.1051E+01  3.6378E+01  3.0378E-01
  2.9000E+01  1.1051E+01  3.6378E+01  3.0378E-01
  2.9000E+01  1.1051E+01  3.6378E+01  3.0378E-01
  2.9000E+01  1.1051E+01  3.6378E+01  3.0378E-01
  2.9000E+01  1.1051E+01  3.6378E+01  3.0378E-01
  2.9000E+01  1.1051E+01  3.6378E+01  3.0378E-01
  2.9000E+01  1.1051E+01  3.6378E+01  3.0378E-01
  2.9000E+01  1.1051E+01  3.6378E+01  3.0378E-01
  2.9000E+01  1.1051E+01  3.6378E+01  3.0378E-01
  2.9000E+01  1.1051E+01  3.6378E+01  3.0378E-01
  2.9000E+01  1.1051E+01  3.6378E+01  3.0378E-01
  2.9000E+01  1.1051E+01  3.6378E+01  3.0378E-01
  2.9000E+01  1.1051E+01  3.6378E+01  3.0378E-01
  2.9000E+01  1.1051E+01  3.6378E+01  3.0378E-01
  2.9000E+01  1.1051E+01  3.6378E+01  3.0378E-01
  2.9000E+01  1.1051E+01  3.6378E+01  3.0378E-01
  2.9000E+01  1.1051E+01  3.6378E+01  3.0378E-01
  2.9000E+01  1.1051E+01  3.6378E+01  3.0378E-01
  3.0000E+01  1.0873E+01  3.6877E+01  2.9484E-01
  3.0000E+01  1.0873E+01  3.6877E+01  2.9484E-01
  3.0000E+01  1.0873E+01  3.6877E+01  2.9484E-01
  3.0000E+01  1.0873E+01  3.6877E+01  2.9484E-01
  3.0000E+01  1.0873E+01  3.6877E+01  2.9484E-01
  3.0000E+01  1.0873E+01  3.6877E+01  2.9484E-01
  3.0000E+01  1.0873E+01  3.6877E+01  2.9484E-01
  3.0000E+01  1.0873E+01  3.6877E+01  2.9484E-01
  3.0000E+01  1.0873E+01  3.6877E+01  2.9484E-01
  3.0000E+01  1.0873E+01  3.6877E+01  2.9484E-01
  3.0000E+01  1.0873E+01  3.6877E+01  2.9484E-01
  3.0000E+01  1.0873E+01  3.6877E+01  2.9484E-01
  3.0000E+01  1.0873E+01  3.6877E+01  2.9484E-01
  3.0000E+01  1.0873E+01  3.6877E+01  2.9484E-01
  3.0000E+01  1.0873E+01  3.6877E+01  2.9484E-01
  3.0000E+01  1.0873E+01  3.6877E+01  2.9484E-01
  3.0000E+01  1.0873E+01  3.6877E+01  2.9484E-01
  3.0000E+01  1.0873E+01  3.6877E+01  2.9484E-01
  3.0000E+01  1.0873E+01  3.6877E+01  2.9484E-01
  3.0000E+01  1.0873E+01  3.6877E+01  2.9484E-01
  3.0000E+01  1.0873E+01  3.6877E+01  2.9484E-01
  3.0000E+01  1.0873E+01  3.6877E+01  2.9484E-01
  3.0000E+01  1.0873E+01  3.6877E+01  2.9484E-01
  3.0000E+01  1.0873E+01  3.6877E+01  2.9484E-01
  3.0000E+01  1.0873E+01  3.6877E+01  2.9484E-01
  3.0000E+01  1.0873E+01  3.6877E+01  2.9484E-01
  3.0000E+01  1.0873E+01  3.6877E+01  2.9484E-01
  3.0000E+01  1.0873E+01  3.6877E+01  2.9484E-01
  3.0000E+01  1.0873E+01  3.6877E+01  2.9484E-01
  3.0000E+01  1.0873E+01  3.6877E+01  2.9484E-01
  3.0000E+01  1.0873E+01  3.6877E+01  2.9484E-01
  3.1000E+01  1.0951E+01  3.6655E+01  2.9877E-01
  3.1000E+01  1.0951E+01  3.6655E+01  2.9877E-01
  3.1000E+01  1.0951E+01  3.6655E+01  2.9877E-01
  3.1000E+01  1.0951E+01  3.6655E+01  2.9877E-01
  3.1000E+01  1.0951E+01  3.6655E+01  2.9877E-01
  3.1000E+01  1.0951E+01  3.6655E+01  2.9877E-01
  3.1000E+01  1.0951E+01  3.6655E+01  2.9877E-01
  3.1000E+01  1.0951E+01  3.6655E+01  2.9877E-01
  3.1000E+01  1.0951E+01  3.6655E+01  2.9877E-01
  3.1000E+01  1.0951E+01  3.6655E+01  2.9877E-01
  3.1000E+01  1.0951E+01  3.6655E+01  2.9877E-01
  3.1000E+01  1.0951E+01  3.6655E+01  2.9877E-01
  3.1000E+01  1.0951E+01  3.6655E+01  2.9877E-01
  3.1000E+01  1.0951E+01  3.6655E+01  2.9877E-01
  3.1000E+01  1.0951E+01  3.6655E+01  2.9877E-01
  3.1000E+01  1.0951E+01  3.6655E+01  2.9877E-01
  3.1000E+01  1.0951E+01  3.6655E+01  2.9877E-01
  3.1000E+01  1.0951E+01  3.6655E+01  2.9877E-01
  3.1000E+01  1.0951E+01  3.6655E+01  2.9877E-01
  3.1000E+01  1.0951E+01  3.6655E+01  2.9877E-01
  3.1000E+01  1.0951E+01  3.6655E+01  2.9877E-01
  3.1000E+01  1.0951E+01  3.6655E+01  2.9877E-01
  3.1000E+01  1.0951E+01  3.6655E+01  2.9877E-01
  3.1000E+01  1.0951E+01  3.6655E+01  2.9877E-01
  3.1000E+01  1.0951E+01  3.6655E+01  2.9877E-01
  3.1000E+01  1.0951E+01  3.6655E+01  2.9877E-01
  3.1000E+01  1.0951E+01  3.6655E+01  2.9877E-01
  3.1000E+01  1.0951E+01  3.6655E+01  2.9877E-01
  3.1000E+01  1.0951E+01  3.6655E+01  2.9877E-01
  3.1000E+01  1.0951E+01  3.6655E+01  2.9877E-01
  3.1000E+01  1.0951E+01  3.6655E+01  2.9877E-01
  3.2000E+01  1.0673E+01  3.7455E+01  2.8496E-01
  3.2000E+01  1.0673E+01  3.7455E+01  2.8496E-01
  3.2000E+01  1.0673E+01  3.7455E+01  2.8496E-01
  3.2000E+01  1.0673E+01  3.7455E+01  2.8496E-01
  3.2000E+01  1.0673E+01  3.7455E+01  2.8496E-01
  3.2000E+01  1.0673E+01  3.7455E+01  2.8496E-01
  3.2000E+01  1.0673E+01  3.7455E+01  2.8496E-01
  3.2000E+01  1.0673E+01  3.7455E+01  2.8496E-01
  3.2000E+01  1.0673E+01  3.7455E+01  2.8496E-01
  3.2000E+01  1.0673E+01  3.7455E+01  2.8496E-01
  3.2000E+01  1.0673E+01  3.7455E+01  2.8496E-01
  3.2000E+01  1.0673E+01  3.7455E+01  2.8496E-01
  3.2000E+01  1.0673E+01  3.7455E+01  2.8496E-01
  3.2000E+01  1.0673E+01  3.7455E+01  2.8496E-01
  3.2000E+01  1.0673E+01  3.7455E+01  2.8496E-01
  3.2000E+01  1.0673E+01  3.7455E+01  2.8496E-01
  3.2000E+01  1.0673E+01  3.7455E+01  2.8496E-01
  3.2000E+01  1.0673E+01  3.7455E+01  2.8496E-01
  3.2000E+01  1.0673E+01  3.7455E+01  2.8496E-01
  3.2000E+01  1.0673E+01  3.7455E+01  2.8496E-01
  3.2000E+01  1.0673E+01  3.7455E+01  2.8496E-01
  3.2000E+01  1.0673E+01  3.7455E+01  2.8496E-01
  3.2000E+01  1.0673E+01  3.7455E+01  2.8496E-01
  3.2000E+01  1.0673E+01  3.7455E+01  2.8496E-01
  3.2000E+01  1.0673E+01  3.7455E+01  2.8496E-01
  3.2000E+01  1.0673E+01  3.7455E+01  2.8496E-01
  3.2000E+01  1.0673E+01  3.7455E+01  2.8496E-01
  3.2000E+01  1.0673E+01  3.7455E+01  2.8496E-01
  3.2000E+01  1.0673E+01  3.7455E+01  2.8496E-01
  3.2000E+01  1.0673E+01  3.7455E+01  2.8496E-01
  3.2000E+01  1.0673E+01  3.7455E+01  2.8496E-01
  3.3000E+01  1.1148E+01  3.6113E+01  3.0869E-01
  3.3000E+01  1.1148E+01  3.6113E+01  3.0869E-01
  3.3000E+01  1.1148E+01  3.6113E+01  3.0869E-01
  3.3000E+01  1.1148E+01  3.6113E+01  3.0869E-01
  3.3000E+01  1.1148E+01  3.6113E+01  3.0869E-01
  3.3000E+01  1.1148E+01  3.6113E+01  3.0869E-01
  3.3000E+01  1.1148E+01  3.6113E+01  3.0869E-01
  3.3000E+01  1.1148E+01  3.6113E+01  3.0869E-01
  3.3000E+01  1.1148E+01  3.6113E+01  3.0869E-01
  3.3000E+01  1.1148E+01  3.6113E+01  3.0869E-01
  3.3000E+01  1.1148E+01  3.6113E+01  3.0869E-01
  3.3000E+01  1.1148E+01  3.6113E+01  3.0869E-01
  3.3000E+01  1.1148E+01  3.6113E+01  3.0869E-01
  3.3000E+01  1.1148E+01  3.6113E+01  3.0869E-01
  3.3000E+01  1.1148E+01  3.6113E+01  3.0869E-01
  3.3000E+01  1.1148E+01  3.6113E+01  3.0869E-01
  3.3000E+01  1.1148E+01  3.6113E+01  3.0869E-01
  3.3000E+01  1.1148E+01  3.6113E+01  3.0869E-01
  3.3000E+01  1.1148E+01  3.6113E+01  3.0869E-01
  3.3000E+01  1.1148E+01  3.6113E+01  3.0869E-01
  3.3000E+01  1.1148E+01  3.6113E+01  3.0869E-01
  3.3000E+01  1.1148E+01  3.6113E+01  3.0869E-01
  3.3000E+01  1.1148E+01  3.6113E+01  3.0869E-01
  3.3000E+01  1.1148E+01  3.6113E+01  3.0869E-01
  3.3000E+01  1.1148E+01  3.6113E+01  3.0869E-01
  3.3000E+01  1.1148E+01  3.6113E+01  3.0869E-01
  3.3000E+01  1.1148E+01  3.6113E+01  3.0869E-01
  3.3000E+01  1.1148E+01  3.6113E+01  3.0869E-01
  3.3000E+01  1.1148E+01  3.6113E+01  3.0869E-01
  3.3000E+01  1.1148E+01  3.6113E+01  3.0869E-01
  3.3000E+01  1.1148E+01  3.6113E+01  3.0869E-01
