TABLE NO.  4
 ID          BW          ALB         SCR         eGFR        AGE
  1.0000E+00  7.6419E+01  4.6937E-01  1.1546E+00  7.7467E+01  4.9000E+01
  1.0000E+00  7.6419E+01  4.6937E-01  1.1546E+00  7.7467E+01  4.9000E+01
  1.0000E+00  7.6084E+01  4.6937E-01  1.1546E+00  7.7467E+01  4.9000E+01
  1.0000E+00  7.6084E+01  4.6940E-01  1.0230E+00  8.9672E+01  4.9000E+01
  1.0000E+00  7.6084E+01  4.6940E-01  1.0230E+00  8.9672E+01  4.9000E+01
  1.0000E+00  7.6084E+01  4.7398E-01  1.1227E+00  8.0141E+01  4.9000E+01
  1.0000E+00  7.6084E+01  5.0276E-01  1.0954E+00  8.2557E+01  4.9000E+01
  1.0000E+00  7.6084E+01  4.7748E-01  1.1078E+00  8.1449E+01  4.9000E+01
  1.0000E+00  7.6084E+01  4.5033E-01  1.0769E+00  8.4280E+01  4.9000E+01
  1.0000E+00  7.6084E+01  4.5305E-01  1.1773E+00  7.5669E+01  4.9000E+01
  1.0000E+00  7.6431E+01  4.5305E-01  1.1773E+00  7.5669E+01  4.9000E+01
  1.0000E+00  7.7469E+01  4.5305E-01  1.1773E+00  7.5669E+01  4.9000E+01
  1.0000E+00  7.7469E+01  4.5305E-01  1.1773E+00  7.5669E+01  4.9000E+01
  1.0000E+00  7.7469E+01  4.5305E-01  1.1773E+00  7.5669E+01  4.9000E+01
  1.0000E+00  7.7469E+01  4.5461E-01  1.1913E+00  7.4598E+01  4.9000E+01
  1.0000E+00  7.7469E+01  4.5461E-01  1.1913E+00  7.4598E+01  4.9000E+01
  1.0000E+00  7.7469E+01  4.7284E-01  1.1207E+00  8.0309E+01  4.9000E+01
  1.0000E+00  7.7469E+01  4.7284E-01  1.1207E+00  8.0309E+01  4.9000E+01
  1.0000E+00  7.7469E+01  4.5083E-01  1.1803E+00  7.5440E+01  4.9000E+01
  1.0000E+00  7.7469E+01  4.6886E-01  1.1850E+00  7.5071E+01  4.9000E+01
  1.0000E+00  7.7469E+01  4.7314E-01  1.1186E+00  8.0493E+01  4.9000E+01
  1.0000E+00  7.7469E+01  4.7314E-01  1.1186E+00  8.0493E+01  4.9000E+01
  1.0000E+00  7.7469E+01  4.6008E-01  1.1672E+00  7.6465E+01  4.9000E+01
  1.0000E+00  7.7469E+01  4.6008E-01  1.1672E+00  7.6465E+01  4.9000E+01
  1.0000E+00  7.7099E+01  4.6008E-01  1.1672E+00  7.6465E+01  4.9000E+01
  1.0000E+00  7.5930E+01  4.6008E-01  1.1672E+00  7.6465E+01  4.9000E+01
  1.0000E+00  7.5930E+01  4.6008E-01  1.1672E+00  7.6465E+01  4.9000E+01
  1.0000E+00  7.6234E+01  4.6008E-01  1.1672E+00  7.6465E+01  4.9000E+01
  1.0000E+00  7.6234E+01  4.6008E-01  1.1672E+00  7.6465E+01  4.9000E+01
  1.0000E+00  7.7015E+01  4.6008E-01  1.1672E+00  7.6465E+01  4.9000E+01
  1.0000E+00  7.7015E+01  4.6008E-01  1.1672E+00  7.6465E+01  4.9000E+01
  2.0000E+00  6.9065E+01  4.7446E-01  7.9716E-01  8.9986E+01  5.0000E+01
  2.0000E+00  6.9065E+01  4.7446E-01  7.9716E-01  8.9986E+01  5.0000E+01
  2.0000E+00  6.9446E+01  4.7446E-01  7.9716E-01  8.9986E+01  5.0000E+01
  2.0000E+00  6.9446E+01  4.7446E-01  7.9716E-01  8.9986E+01  5.0000E+01
  2.0000E+00  6.9446E+01  4.7446E-01  7.9716E-01  8.9986E+01  5.0000E+01
  2.0000E+00  6.9446E+01  4.9197E-01  7.7776E-01  9.2707E+01  5.0000E+01
  2.0000E+00  6.9446E+01  4.7206E-01  7.8588E-01  9.1550E+01  5.0000E+01
  2.0000E+00  6.9446E+01  4.8187E-01  7.0100E-01  1.0512E+02  5.0000E+01
  2.0000E+00  6.9446E+01  4.7304E-01  6.6940E-01  1.0644E+02  5.0000E+01
  2.0000E+00  6.9446E+01  4.8354E-01  8.2581E-01  8.6226E+01  5.0000E+01
  2.0000E+00  6.8951E+01  4.8354E-01  8.2581E-01  8.6226E+01  5.0000E+01
  2.0000E+00  6.8603E+01  4.8354E-01  8.2581E-01  8.6226E+01  5.0000E+01
  2.0000E+00  6.8603E+01  4.8354E-01  8.2581E-01  8.6226E+01  5.0000E+01
  2.0000E+00  6.9418E+01  4.8354E-01  8.2581E-01  8.6226E+01  5.0000E+01
  2.0000E+00  6.9418E+01  4.8015E-01  6.2945E-01  1.0803E+02  5.0000E+01
  2.0000E+00  6.9557E+01  4.8015E-01  6.2945E-01  1.0803E+02  5.0000E+01
  2.0000E+00  6.9557E+01  4.8021E-01  6.1902E-01  1.0846E+02  5.0000E+01
  2.0000E+00  6.9557E+01  4.8021E-01  6.1902E-01  1.0846E+02  5.0000E+01
  2.0000E+00  6.9557E+01  4.7718E-01  6.5660E-01  1.0693E+02  5.0000E+01
  2.0000E+00  6.9557E+01  4.8371E-01  6.3861E-01  1.0765E+02  5.0000E+01
  2.0000E+00  6.9557E+01  4.6231E-01  6.0559E-01  1.0904E+02  5.0000E+01
  2.0000E+00  6.9557E+01  4.8630E-01  6.1662E-01  1.0857E+02  5.0000E+01
  2.0000E+00  6.9557E+01  4.8092E-01  6.1024E-01  1.0884E+02  5.0000E+01
  2.0000E+00  6.8921E+01  4.8092E-01  6.1024E-01  1.0884E+02  5.0000E+01
  2.0000E+00  6.9079E+01  4.8092E-01  6.1024E-01  1.0884E+02  5.0000E+01
  2.0000E+00  6.9282E+01  4.8092E-01  6.1024E-01  1.0884E+02  5.0000E+01
  2.0000E+00  6.9282E+01  4.8092E-01  6.1024E-01  1.0884E+02  5.0000E+01
  2.0000E+00  7.0074E+01  4.8092E-01  6.1024E-01  1.0884E+02  5.0000E+01
  2.0000E+00  7.0074E+01  4.8092E-01  6.1024E-01  1.0884E+02  5.0000E+01
  2.0000E+00  6.9604E+01  4.8092E-01  6.1024E-01  1.0884E+02  5.0000E+01
  2.0000E+00  6.9604E+01  4.8092E-01  6.1024E-01  1.0884E+02  5.0000E+01
  3.0000E+00  6.2348E+01  4.7701E-01  9.1147E-01  8.8811E+01  7.3000E+01
  3.0000E+00  6.2348E+01  4.7701E-01  9.1147E-01  8.8811E+01  7.3000E+01
  3.0000E+00  6.2025E+01  4.7701E-01  9.1147E-01  8.8811E+01  7.3000E+01
  3.0000E+00  6.2025E+01  4.9554E-01  9.0551E-01  8.9518E+01  7.3000E+01
  3.0000E+00  6.2025E+01  4.9554E-01  9.0551E-01  8.9518E+01  7.3000E+01
  3.0000E+00  6.2025E+01  4.8596E-01  9.3793E-01  8.5791E+01  7.3000E+01
  3.0000E+00  6.2025E+01  4.8644E-01  9.2176E-01  8.7613E+01  7.3000E+01
  3.0000E+00  6.2025E+01  4.9079E-01  9.0895E-01  8.9109E+01  7.3000E+01
  3.0000E+00  6.2025E+01  4.9079E-01  9.0895E-01  8.9109E+01  7.3000E+01
  3.0000E+00  6.2025E+01  5.1219E-01  8.6066E-01  9.1406E+01  7.3000E+01
  3.0000E+00  6.1592E+01  5.1219E-01  8.6066E-01  9.1406E+01  7.3000E+01
  3.0000E+00  6.1592E+01  5.1219E-01  8.6066E-01  9.1406E+01  7.3000E+01
  3.0000E+00  6.1502E+01  5.1219E-01  8.6066E-01  9.1406E+01  7.3000E+01
  3.0000E+00  6.2955E+01  5.1219E-01  8.6066E-01  9.1406E+01  7.3000E+01
  3.0000E+00  6.2955E+01  4.8501E-01  7.4542E-01  9.5462E+01  7.3000E+01
  3.0000E+00  6.1959E+01  4.8501E-01  7.4542E-01  9.5462E+01  7.3000E+01
  3.0000E+00  6.1959E+01  4.8714E-01  7.1576E-01  9.6640E+01  7.3000E+01
  3.0000E+00  6.1959E+01  4.8714E-01  7.1576E-01  9.6640E+01  7.3000E+01
  3.0000E+00  6.1959E+01  4.9017E-01  7.7698E-01  9.4274E+01  7.3000E+01
  3.0000E+00  6.1959E+01  4.9165E-01  7.3507E-01  9.5866E+01  7.3000E+01
  3.0000E+00  6.1959E+01  5.0095E-01  7.8679E-01  9.3918E+01  7.3000E+01
  3.0000E+00  6.1959E+01  4.8519E-01  6.5906E-01  9.9079E+01  7.3000E+01
  3.0000E+00  6.1959E+01  4.9000E-01  7.1075E-01  9.6845E+01  7.3000E+01
  3.0000E+00  6.1893E+01  4.9000E-01  7.1075E-01  9.6845E+01  7.3000E+01
  3.0000E+00  6.1893E+01  4.9000E-01  7.1075E-01  9.6845E+01  7.3000E+01
  3.0000E+00  6.2312E+01  4.9000E-01  7.1075E-01  9.6845E+01  7.3000E+01
  3.0000E+00  6.2028E+01  4.9000E-01  7.1075E-01  9.6845E+01  7.3000E+01
  3.0000E+00  6.2404E+01  4.9000E-01  7.1075E-01  9.6845E+01  7.3000E+01
  3.0000E+00  6.2404E+01  4.9000E-01  7.1075E-01  9.6845E+01  7.3000E+01
  3.0000E+00  6.2404E+01  4.9000E-01  7.1075E-01  9.6845E+01  7.3000E+01
  3.0000E+00  6.2428E+01  4.9000E-01  7.1075E-01  9.6845E+01  7.3000E+01
  4.0000E+00  6.7625E+01  4.1736E-01  1.0413E+00  7.8972E+01  6.6000E+01
  4.0000E+00  6.7625E+01  4.1736E-01  1.0413E+00  7.8972E+01  6.6000E+01
  4.0000E+00  6.7625E+01  4.1736E-01  1.0413E+00  7.8972E+01  6.6000E+01
  4.0000E+00  6.7625E+01  4.1736E-01  1.0413E+00  7.8972E+01  6.6000E+01
  4.0000E+00  6.7625E+01  4.2935E-01  1.0188E+00  8.1086E+01  6.6000E+01
  4.0000E+00  6.7625E+01  4.4719E-01  9.6435E-01  8.6649E+01  6.6000E+01
  4.0000E+00  6.7625E+01  4.3923E-01  1.1065E+00  7.3377E+01  6.6000E+01
  4.0000E+00  6.7625E+01  4.4662E-01  9.6993E-01  8.6046E+01  6.6000E+01
  4.0000E+00  6.7625E+01  4.3186E-01  1.0429E+00  7.8821E+01  6.6000E+01
  4.0000E+00  6.7625E+01  4.4887E-01  1.1177E+00  7.2488E+01  6.6000E+01
  4.0000E+00  6.7625E+01  4.4887E-01  1.1177E+00  7.2488E+01  6.6000E+01
  4.0000E+00  6.7625E+01  4.4887E-01  1.1177E+00  7.2488E+01  6.6000E+01
  4.0000E+00  6.7625E+01  4.4887E-01  1.1177E+00  7.2488E+01  6.6000E+01
  4.0000E+00  6.7717E+01  4.4887E-01  1.1177E+00  7.2488E+01  6.6000E+01
  4.0000E+00  6.7717E+01  4.4245E-01  1.1707E+00  6.8543E+01  6.6000E+01
  4.0000E+00  6.7433E+01  4.4245E-01  1.1707E+00  6.8543E+01  6.6000E+01
  4.0000E+00  6.7433E+01  4.4281E-01  1.1841E+00  6.7602E+01  6.6000E+01
  4.0000E+00  6.7433E+01  4.4281E-01  1.1841E+00  6.7602E+01  6.6000E+01
  4.0000E+00  6.7433E+01  4.3579E-01  1.1815E+00  6.7785E+01  6.6000E+01
  4.0000E+00  6.7433E+01  4.4573E-01  1.1938E+00  6.6942E+01  6.6000E+01
  4.0000E+00  6.7433E+01  4.3144E-01  1.1421E+00  7.0623E+01  6.6000E+01
  4.0000E+00  6.7433E+01  4.5275E-01  1.1709E+00  6.8527E+01  6.6000E+01
  4.0000E+00  6.7433E+01  4.2483E-01  1.1570E+00  6.9525E+01  6.6000E+01
  4.0000E+00  6.8263E+01  4.2483E-01  1.1570E+00  6.9525E+01  6.6000E+01
  4.0000E+00  6.8134E+01  4.2483E-01  1.1570E+00  6.9525E+01  6.6000E+01
  4.0000E+00  6.7737E+01  4.2483E-01  1.1570E+00  6.9525E+01  6.6000E+01
  4.0000E+00  6.7612E+01  4.2483E-01  1.1570E+00  6.9525E+01  6.6000E+01
  4.0000E+00  6.7354E+01  4.2483E-01  1.1570E+00  6.9525E+01  6.6000E+01
  4.0000E+00  6.8129E+01  4.2483E-01  1.1570E+00  6.9525E+01  6.6000E+01
  4.0000E+00  6.8804E+01  4.2483E-01  1.1570E+00  6.9525E+01  6.6000E+01
  4.0000E+00  6.8804E+01  4.2483E-01  1.1570E+00  6.9525E+01  6.6000E+01
  5.0000E+00  6.4959E+01  4.1352E-01  9.6038E-01  7.0952E+01  5.2000E+01
  5.0000E+00  6.4959E+01  4.1352E-01  9.6038E-01  7.0952E+01  5.2000E+01
  5.0000E+00  6.5427E+01  4.1352E-01  9.6038E-01  7.0952E+01  5.2000E+01
  5.0000E+00  6.5427E+01  4.0351E-01  1.0095E+00  6.6796E+01  5.2000E+01
  5.0000E+00  6.5427E+01  4.0351E-01  1.0095E+00  6.6796E+01  5.2000E+01
  5.0000E+00  6.5427E+01  4.0634E-01  9.9983E-01  6.7581E+01  5.2000E+01
  5.0000E+00  6.5427E+01  4.1650E-01  1.0685E+00  6.2368E+01  5.2000E+01
  5.0000E+00  6.5427E+01  4.0035E-01  9.6550E-01  7.0498E+01  5.2000E+01
  5.0000E+00  6.5427E+01  4.1173E-01  1.0150E+00  6.6364E+01  5.2000E+01
  5.0000E+00  6.5427E+01  4.1839E-01  1.0294E+00  6.5244E+01  5.2000E+01
  5.0000E+00  6.5427E+01  4.1839E-01  1.0294E+00  6.5244E+01  5.2000E+01
  5.0000E+00  6.5290E+01  4.1839E-01  1.0294E+00  6.5244E+01  5.2000E+01
  5.0000E+00  6.5408E+01  4.1839E-01  1.0294E+00  6.5244E+01  5.2000E+01
  5.0000E+00  6.5394E+01  4.1839E-01  1.0294E+00  6.5244E+01  5.2000E+01
  5.0000E+00  6.5394E+01  3.9887E-01  1.1441E+00  5.7421E+01  5.2000E+01
  5.0000E+00  6.5138E+01  3.9887E-01  1.1441E+00  5.7421E+01  5.2000E+01
  5.0000E+00  6.5138E+01  4.1234E-01  1.1359E+00  5.7919E+01  5.2000E+01
  5.0000E+00  6.5138E+01  4.1234E-01  1.1359E+00  5.7919E+01  5.2000E+01
  5.0000E+00  6.5138E+01  3.9714E-01  1.1814E+00  5.5235E+01  5.2000E+01
  5.0000E+00  6.5138E+01  3.9876E-01  1.1458E+00  5.7316E+01  5.2000E+01
  5.0000E+00  6.5138E+01  4.0782E-01  1.1981E+00  5.4307E+01  5.2000E+01
  5.0000E+00  6.5138E+01  4.0469E-01  1.1707E+00  5.5844E+01  5.2000E+01
  5.0000E+00  6.5138E+01  3.9859E-01  1.1682E+00  5.5991E+01  5.2000E+01
  5.0000E+00  6.5138E+01  3.9859E-01  1.1682E+00  5.5991E+01  5.2000E+01
  5.0000E+00  6.5946E+01  3.9859E-01  1.1682E+00  5.5991E+01  5.2000E+01
  5.0000E+00  6.4918E+01  3.9859E-01  1.1682E+00  5.5991E+01  5.2000E+01
  5.0000E+00  6.4764E+01  3.9859E-01  1.1682E+00  5.5991E+01  5.2000E+01
  5.0000E+00  6.5298E+01  3.9859E-01  1.1682E+00  5.5991E+01  5.2000E+01
  5.0000E+00  6.4107E+01  3.9859E-01  1.1682E+00  5.5991E+01  5.2000E+01
  5.0000E+00  6.4071E+01  3.9859E-01  1.1682E+00  5.5991E+01  5.2000E+01
  5.0000E+00  6.4071E+01  3.9859E-01  1.1682E+00  5.5991E+01  5.2000E+01
  6.0000E+00  6.6402E+01  4.8126E-01  1.1080E+00  7.2801E+01  6.7000E+01
  6.0000E+00  6.6402E+01  4.8126E-01  1.1080E+00  7.2801E+01  6.7000E+01
  6.0000E+00  6.6878E+01  4.8126E-01  1.1080E+00  7.2801E+01  6.7000E+01
  6.0000E+00  6.6878E+01  4.7226E-01  1.1239E+00  7.1562E+01  6.7000E+01
  6.0000E+00  6.6878E+01  4.7226E-01  1.1239E+00  7.1562E+01  6.7000E+01
  6.0000E+00  6.6878E+01  4.7803E-01  1.1580E+00  6.9021E+01  6.7000E+01
  6.0000E+00  6.6878E+01  5.0558E-01  1.0709E+00  7.5863E+01  6.7000E+01
  6.0000E+00  6.6878E+01  4.7896E-01  1.1192E+00  7.1922E+01  6.7000E+01
  6.0000E+00  6.6878E+01  5.0088E-01  1.1386E+00  7.0445E+01  6.7000E+01
  6.0000E+00  6.6878E+01  5.0273E-01  1.1089E+00  7.2732E+01  6.7000E+01
  6.0000E+00  6.5265E+01  5.0273E-01  1.1089E+00  7.2732E+01  6.7000E+01
  6.0000E+00  6.6468E+01  5.0273E-01  1.1089E+00  7.2732E+01  6.7000E+01
  6.0000E+00  6.6378E+01  5.0273E-01  1.1089E+00  7.2732E+01  6.7000E+01
  6.0000E+00  6.6017E+01  5.0273E-01  1.1089E+00  7.2732E+01  6.7000E+01
  6.0000E+00  6.6017E+01  4.9926E-01  1.1266E+00  7.1350E+01  6.7000E+01
  6.0000E+00  6.6480E+01  4.9926E-01  1.1266E+00  7.1350E+01  6.7000E+01
  6.0000E+00  6.6480E+01  4.7420E-01  1.1970E+00  6.6312E+01  6.7000E+01
  6.0000E+00  6.6480E+01  4.7420E-01  1.1970E+00  6.6312E+01  6.7000E+01
  6.0000E+00  6.6480E+01  4.7757E-01  1.1992E+00  6.6166E+01  6.7000E+01
  6.0000E+00  6.6480E+01  4.8019E-01  1.1618E+00  6.8744E+01  6.7000E+01
  6.0000E+00  6.6480E+01  4.9684E-01  1.1242E+00  7.1536E+01  6.7000E+01
  6.0000E+00  6.6480E+01  4.9485E-01  1.1987E+00  6.6197E+01  6.7000E+01
  6.0000E+00  6.6480E+01  4.9613E-01  1.0752E+00  7.5500E+01  6.7000E+01
  6.0000E+00  6.5779E+01  4.9613E-01  1.0752E+00  7.5500E+01  6.7000E+01
  6.0000E+00  6.6989E+01  4.9613E-01  1.0752E+00  7.5500E+01  6.7000E+01
  6.0000E+00  6.6751E+01  4.9613E-01  1.0752E+00  7.5500E+01  6.7000E+01
  6.0000E+00  6.6643E+01  4.9613E-01  1.0752E+00  7.5500E+01  6.7000E+01
  6.0000E+00  6.6098E+01  4.9613E-01  1.0752E+00  7.5500E+01  6.7000E+01
  6.0000E+00  6.6957E+01  4.9613E-01  1.0752E+00  7.5500E+01  6.7000E+01
  6.0000E+00  6.6935E+01  4.9613E-01  1.0752E+00  7.5500E+01  6.7000E+01
  6.0000E+00  6.5773E+01  4.9613E-01  1.0752E+00  7.5500E+01  6.7000E+01
  7.0000E+00  7.3630E+01  3.7326E-01  8.5810E-01  9.6756E+01  6.4000E+01
  7.0000E+00  7.3630E+01  3.7326E-01  8.5810E-01  9.6756E+01  6.4000E+01
  7.0000E+00  7.3630E+01  3.7326E-01  8.5810E-01  9.6756E+01  6.4000E+01
  7.0000E+00  7.3630E+01  3.7130E-01  8.6567E-01  9.6499E+01  6.4000E+01
  7.0000E+00  7.3630E+01  3.7130E-01  8.6567E-01  9.6499E+01  6.4000E+01
  7.0000E+00  7.3630E+01  3.5794E-01  8.7540E-01  9.6174E+01  6.4000E+01
  7.0000E+00  7.3630E+01  3.5794E-01  8.7540E-01  9.6174E+01  6.4000E+01
  7.0000E+00  7.3630E+01  3.5838E-01  8.9675E-01  9.5477E+01  6.4000E+01
  7.0000E+00  7.3630E+01  3.6117E-01  7.5517E-01  1.0056E+02  6.4000E+01
  7.0000E+00  7.3630E+01  3.5785E-01  9.1133E-01  9.3941E+01  6.4000E+01
  7.0000E+00  7.3703E+01  3.5785E-01  9.1133E-01  9.3941E+01  6.4000E+01
  7.0000E+00  7.3718E+01  3.5785E-01  9.1133E-01  9.3941E+01  6.4000E+01
  7.0000E+00  7.4264E+01  3.5785E-01  9.1133E-01  9.3941E+01  6.4000E+01
  7.0000E+00  7.3220E+01  3.5785E-01  9.1133E-01  9.3941E+01  6.4000E+01
  7.0000E+00  7.3220E+01  3.6769E-01  7.2261E-01  1.0191E+02  6.4000E+01
  7.0000E+00  7.3155E+01  3.6769E-01  7.2261E-01  1.0191E+02  6.4000E+01
  7.0000E+00  7.3155E+01  3.8161E-01  7.4821E-01  1.0084E+02  6.4000E+01
  7.0000E+00  7.3155E+01  3.8161E-01  7.4821E-01  1.0084E+02  6.4000E+01
  7.0000E+00  7.3155E+01  3.8369E-01  7.1163E-01  1.0238E+02  6.4000E+01
  7.0000E+00  7.3155E+01  3.6959E-01  6.6804E-01  1.0436E+02  6.4000E+01
  7.0000E+00  7.3155E+01  3.8236E-01  6.4034E-01  1.0570E+02  6.4000E+01
  7.0000E+00  7.3155E+01  3.8370E-01  7.2963E-01  1.0161E+02  6.4000E+01
  7.0000E+00  7.3155E+01  3.7572E-01  6.7691E-01  1.0394E+02  6.4000E+01
  7.0000E+00  7.3118E+01  3.7572E-01  6.7691E-01  1.0394E+02  6.4000E+01
  7.0000E+00  7.3776E+01  3.7572E-01  6.7691E-01  1.0394E+02  6.4000E+01
  7.0000E+00  7.3613E+01  3.7572E-01  6.7691E-01  1.0394E+02  6.4000E+01
  7.0000E+00  7.3633E+01  3.7572E-01  6.7691E-01  1.0394E+02  6.4000E+01
  7.0000E+00  7.3923E+01  3.7572E-01  6.7691E-01  1.0394E+02  6.4000E+01
  7.0000E+00  7.4568E+01  3.7572E-01  6.7691E-01  1.0394E+02  6.4000E+01
  7.0000E+00  7.3025E+01  3.7572E-01  6.7691E-01  1.0394E+02  6.4000E+01
  7.0000E+00  7.3879E+01  3.7572E-01  6.7691E-01  1.0394E+02  6.4000E+01
  8.0000E+00  5.6774E+01  4.5973E-01  8.7022E-01  8.1947E+01  4.8000E+01
  8.0000E+00  5.6774E+01  4.5973E-01  8.7022E-01  8.1947E+01  4.8000E+01
  8.0000E+00  5.5855E+01  4.5973E-01  8.7022E-01  8.1947E+01  4.8000E+01
  8.0000E+00  5.5855E+01  4.4223E-01  8.6914E-01  8.2070E+01  4.8000E+01
  8.0000E+00  5.5855E+01  4.4223E-01  8.6914E-01  8.2070E+01  4.8000E+01
  8.0000E+00  5.5855E+01  4.4162E-01  8.0752E-01  8.9701E+01  4.8000E+01
  8.0000E+00  5.5855E+01  4.5773E-01  8.1900E-01  8.8183E+01  4.8000E+01
  8.0000E+00  5.5855E+01  4.5365E-01  7.6895E-01  9.5168E+01  4.8000E+01
  8.0000E+00  5.5855E+01  4.4071E-01  7.4966E-01  9.8138E+01  4.8000E+01
  8.0000E+00  5.5855E+01  4.4071E-01  7.4966E-01  9.8138E+01  4.8000E+01
  8.0000E+00  5.6390E+01  4.4071E-01  7.4966E-01  9.8138E+01  4.8000E+01
  8.0000E+00  5.6825E+01  4.4071E-01  7.4966E-01  9.8138E+01  4.8000E+01
  8.0000E+00  5.6800E+01  4.4071E-01  7.4966E-01  9.8138E+01  4.8000E+01
  8.0000E+00  5.6800E+01  4.4071E-01  7.4966E-01  9.8138E+01  4.8000E+01
  8.0000E+00  5.6800E+01  4.3322E-01  6.1308E-01  1.1008E+02  4.8000E+01
  8.0000E+00  5.6419E+01  4.3322E-01  6.1308E-01  1.1008E+02  4.8000E+01
  8.0000E+00  5.6419E+01  4.4868E-01  6.6163E-01  1.0807E+02  4.8000E+01
  8.0000E+00  5.6419E+01  4.4868E-01  6.6163E-01  1.0807E+02  4.8000E+01
  8.0000E+00  5.6419E+01  4.2614E-01  7.7207E-01  9.4703E+01  4.8000E+01
  8.0000E+00  5.6419E+01  4.5774E-01  6.4199E-01  1.0886E+02  4.8000E+01
  8.0000E+00  5.6419E+01  4.4788E-01  6.8997E-01  1.0699E+02  4.8000E+01
  8.0000E+00  5.6419E+01  4.3667E-01  6.2262E-01  1.0967E+02  4.8000E+01
  8.0000E+00  5.6419E+01  4.3618E-01  6.2290E-01  1.0966E+02  4.8000E+01
  8.0000E+00  5.6419E+01  4.3618E-01  6.2290E-01  1.0966E+02  4.8000E+01
  8.0000E+00  5.7055E+01  4.3618E-01  6.2290E-01  1.0966E+02  4.8000E+01
  8.0000E+00  5.6584E+01  4.3618E-01  6.2290E-01  1.0966E+02  4.8000E+01
  8.0000E+00  5.6846E+01  4.3618E-01  6.2290E-01  1.0966E+02  4.8000E+01
  8.0000E+00  5.6556E+01  4.3618E-01  6.2290E-01  1.0966E+02  4.8000E+01
  8.0000E+00  5.6123E+01  4.3618E-01  6.2290E-01  1.0966E+02  4.8000E+01
  8.0000E+00  5.6583E+01  4.3618E-01  6.2290E-01  1.0966E+02  4.8000E+01
  8.0000E+00  5.6393E+01  4.3618E-01  6.2290E-01  1.0966E+02  4.8000E+01
  9.0000E+00  7.2260E+01  4.9179E-01  8.0823E-01  1.1799E+02  3.5000E+01
  9.0000E+00  7.2260E+01  4.9179E-01  8.0823E-01  1.1799E+02  3.5000E+01
  9.0000E+00  7.2804E+01  4.9179E-01  8.0823E-01  1.1799E+02  3.5000E+01
  9.0000E+00  7.2804E+01  4.9752E-01  7.7554E-01  1.1947E+02  3.5000E+01
  9.0000E+00  7.2804E+01  4.9752E-01  7.7554E-01  1.1947E+02  3.5000E+01
  9.0000E+00  7.2804E+01  5.1122E-01  7.8168E-01  1.1919E+02  3.5000E+01
  9.0000E+00  7.2804E+01  5.0112E-01  7.5563E-01  1.2042E+02  3.5000E+01
  9.0000E+00  7.2804E+01  5.2305E-01  7.4459E-01  1.2095E+02  3.5000E+01
  9.0000E+00  7.2804E+01  4.9197E-01  6.9647E-01  1.2342E+02  3.5000E+01
  9.0000E+00  7.2804E+01  4.9194E-01  8.3520E-01  1.1683E+02  3.5000E+01
  9.0000E+00  7.2296E+01  4.9194E-01  8.3520E-01  1.1683E+02  3.5000E+01
  9.0000E+00  7.1637E+01  4.9194E-01  8.3520E-01  1.1683E+02  3.5000E+01
  9.0000E+00  7.1637E+01  4.9194E-01  8.3520E-01  1.1683E+02  3.5000E+01
  9.0000E+00  7.2426E+01  4.9194E-01  8.3520E-01  1.1683E+02  3.5000E+01
  9.0000E+00  7.2426E+01  5.0713E-01  9.8588E-01  1.0231E+02  3.5000E+01
  9.0000E+00  7.2449E+01  5.0713E-01  9.8588E-01  1.0231E+02  3.5000E+01
  9.0000E+00  7.2449E+01  4.9805E-01  1.0287E+00  9.7178E+01  3.5000E+01
  9.0000E+00  7.2449E+01  4.9805E-01  1.0287E+00  9.7178E+01  3.5000E+01
  9.0000E+00  7.2449E+01  4.8611E-01  9.2857E-01  1.0999E+02  3.5000E+01
  9.0000E+00  7.2449E+01  4.8115E-01  9.5728E-01  1.0601E+02  3.5000E+01
  9.0000E+00  7.2449E+01  4.9163E-01  1.0318E+00  9.6832E+01  3.5000E+01
  9.0000E+00  7.2449E+01  5.0988E-01  9.2605E-01  1.1035E+02  3.5000E+01
  9.0000E+00  7.2449E+01  5.2892E-01  8.4239E-01  1.1653E+02  3.5000E+01
  9.0000E+00  7.3164E+01  5.2892E-01  8.4239E-01  1.1653E+02  3.5000E+01
  9.0000E+00  7.3164E+01  5.2892E-01  8.4239E-01  1.1653E+02  3.5000E+01
  9.0000E+00  7.2551E+01  5.2892E-01  8.4239E-01  1.1653E+02  3.5000E+01
  9.0000E+00  7.2466E+01  5.2892E-01  8.4239E-01  1.1653E+02  3.5000E+01
  9.0000E+00  7.3224E+01  5.2892E-01  8.4239E-01  1.1653E+02  3.5000E+01
  9.0000E+00  7.2412E+01  5.2892E-01  8.4239E-01  1.1653E+02  3.5000E+01
  9.0000E+00  7.2400E+01  5.2892E-01  8.4239E-01  1.1653E+02  3.5000E+01
  9.0000E+00  7.1437E+01  5.2892E-01  8.4239E-01  1.1653E+02  3.5000E+01
  1.0000E+01  7.1658E+01  4.7811E-01  9.2830E-01  1.0867E+02  3.7000E+01
  1.0000E+01  7.1658E+01  4.7811E-01  9.2830E-01  1.0867E+02  3.7000E+01
  1.0000E+01  7.2776E+01  4.7811E-01  9.2830E-01  1.0867E+02  3.7000E+01
  1.0000E+01  7.2776E+01  4.7811E-01  9.2830E-01  1.0867E+02  3.7000E+01
  1.0000E+01  7.2776E+01  4.7811E-01  9.2830E-01  1.0867E+02  3.7000E+01
  1.0000E+01  7.2776E+01  4.9379E-01  1.0449E+00  9.4183E+01  3.7000E+01
  1.0000E+01  7.2776E+01  4.7953E-01  1.0630E+00  9.2246E+01  3.7000E+01
  1.0000E+01  7.2776E+01  4.5777E-01  1.0363E+00  9.5124E+01  3.7000E+01
  1.0000E+01  7.2776E+01  4.7312E-01  1.0012E+00  9.9180E+01  3.7000E+01
  1.0000E+01  7.2776E+01  4.6470E-01  9.6467E-01  1.0373E+02  3.7000E+01
  1.0000E+01  7.1385E+01  4.6470E-01  9.6467E-01  1.0373E+02  3.7000E+01
  1.0000E+01  7.1855E+01  4.6470E-01  9.6467E-01  1.0373E+02  3.7000E+01
  1.0000E+01  7.2151E+01  4.6470E-01  9.6467E-01  1.0373E+02  3.7000E+01
  1.0000E+01  7.2151E+01  4.6470E-01  9.6467E-01  1.0373E+02  3.7000E+01
  1.0000E+01  7.2151E+01  4.7419E-01  1.1511E+00  8.3785E+01  3.7000E+01
  1.0000E+01  7.2151E+01  4.7419E-01  1.1511E+00  8.3785E+01  3.7000E+01
  1.0000E+01  7.2151E+01  4.7887E-01  1.1640E+00  8.2662E+01  3.7000E+01
  1.0000E+01  7.2151E+01  4.7887E-01  1.1640E+00  8.2662E+01  3.7000E+01
  1.0000E+01  7.2151E+01  4.6241E-01  1.1798E+00  8.1322E+01  3.7000E+01
  1.0000E+01  7.2151E+01  4.8161E-01  1.1414E+00  8.4643E+01  3.7000E+01
  1.0000E+01  7.2151E+01  4.6436E-01  1.1304E+00  8.5639E+01  3.7000E+01
  1.0000E+01  7.2151E+01  4.6901E-01  1.1524E+00  8.3669E+01  3.7000E+01
  1.0000E+01  7.2151E+01  4.6901E-01  1.1524E+00  8.3669E+01  3.7000E+01
  1.0000E+01  7.1524E+01  4.6901E-01  1.1524E+00  8.3669E+01  3.7000E+01
  1.0000E+01  7.1524E+01  4.6901E-01  1.1524E+00  8.3669E+01  3.7000E+01
  1.0000E+01  7.1972E+01  4.6901E-01  1.1524E+00  8.3669E+01  3.7000E+01
  1.0000E+01  7.1574E+01  4.6901E-01  1.1524E+00  8.3669E+01  3.7000E+01
  1.0000E+01  7.1504E+01  4.6901E-01  1.1524E+00  8.3669E+01  3.7000E+01
  1.0000E+01  7.2170E+01  4.6901E-01  1.1524E+00  8.3669E+01  3.7000E+01
  1.0000E+01  7.2058E+01  4.6901E-01  1.1524E+00  8.3669E+01  3.7000E+01
  1.0000E+01  7.1688E+01  4.6901E-01  1.1524E+00  8.3669E+01  3.7000E+01
  1.1000E+01  6.4306E+01  4.6220E-01  6.7260E-01  1.0370E+02  5.4000E+01
  1.1000E+01  6.4306E+01  4.6220E-01  6.7260E-01  1.0370E+02  5.4000E+01
  1.1000E+01  6.5143E+01  4.6220E-01  6.7260E-01  1.0370E+02  5.4000E+01
  1.1000E+01  6.5143E+01  4.6326E-01  7.8081E-01  9.0002E+01  5.4000E+01
  1.1000E+01  6.5143E+01  4.6326E-01  7.8081E-01  9.0002E+01  5.4000E+01
  1.1000E+01  6.5143E+01  4.6884E-01  7.2253E-01  9.8851E+01  5.4000E+01
  1.1000E+01  6.5143E+01  4.7364E-01  7.5283E-01  9.4061E+01  5.4000E+01
  1.1000E+01  6.5143E+01  4.6993E-01  7.1159E-01  1.0069E+02  5.4000E+01
  1.1000E+01  6.5143E+01  4.4627E-01  6.7300E-01  1.0369E+02  5.4000E+01
  1.1000E+01  6.5143E+01  4.6155E-01  6.5406E-01  1.0440E+02  5.4000E+01
  1.1000E+01  6.4948E+01  4.6155E-01  6.5406E-01  1.0440E+02  5.4000E+01
  1.1000E+01  6.4321E+01  4.6155E-01  6.5406E-01  1.0440E+02  5.4000E+01
  1.1000E+01  6.4346E+01  4.6155E-01  6.5406E-01  1.0440E+02  5.4000E+01
  1.1000E+01  6.4512E+01  4.6155E-01  6.5406E-01  1.0440E+02  5.4000E+01
  1.1000E+01  6.4512E+01  4.6202E-01  6.0261E-01  1.0649E+02  5.4000E+01
  1.1000E+01  6.3185E+01  4.6202E-01  6.0261E-01  1.0649E+02  5.4000E+01
  1.1000E+01  6.3185E+01  4.4663E-01  6.3212E-01  1.0527E+02  5.4000E+01
  1.1000E+01  6.3185E+01  4.4663E-01  6.3212E-01  1.0527E+02  5.4000E+01
  1.1000E+01  6.3185E+01  4.7294E-01  6.7411E-01  1.0365E+02  5.4000E+01
  1.1000E+01  6.3185E+01  4.5357E-01  6.0073E-01  1.0657E+02  5.4000E+01
  1.1000E+01  6.3185E+01  4.6144E-01  6.0859E-01  1.0623E+02  5.4000E+01
  1.1000E+01  6.3185E+01  4.4931E-01  6.1525E-01  1.0595E+02  5.4000E+01
  1.1000E+01  6.3185E+01  4.5436E-01  6.0231E-01  1.0650E+02  5.4000E+01
  1.1000E+01  6.3185E+01  4.5436E-01  6.0231E-01  1.0650E+02  5.4000E+01
  1.1000E+01  6.3580E+01  4.5436E-01  6.0231E-01  1.0650E+02  5.4000E+01
  1.1000E+01  6.5469E+01  4.5436E-01  6.0231E-01  1.0650E+02  5.4000E+01
  1.1000E+01  6.4864E+01  4.5436E-01  6.0231E-01  1.0650E+02  5.4000E+01
  1.1000E+01  6.3769E+01  4.5436E-01  6.0231E-01  1.0650E+02  5.4000E+01
  1.1000E+01  6.3420E+01  4.5436E-01  6.0231E-01  1.0650E+02  5.4000E+01
  1.1000E+01  6.3967E+01  4.5436E-01  6.0231E-01  1.0650E+02  5.4000E+01
  1.1000E+01  6.5129E+01  4.5436E-01  6.0231E-01  1.0650E+02  5.4000E+01
  1.2000E+01  7.8850E+01  4.8384E-01  1.0286E+00  7.9651E+01  6.7000E+01
  1.2000E+01  7.8850E+01  4.8384E-01  1.0286E+00  7.9651E+01  6.7000E+01
  1.2000E+01  7.8546E+01  4.8384E-01  1.0286E+00  7.9651E+01  6.7000E+01
  1.2000E+01  7.8546E+01  4.9295E-01  9.8958E-01  8.3464E+01  6.7000E+01
  1.2000E+01  7.8546E+01  4.9295E-01  9.8958E-01  8.3464E+01  6.7000E+01
  1.2000E+01  7.8546E+01  4.8617E-01  1.0100E+00  8.1433E+01  6.7000E+01
  1.2000E+01  7.8546E+01  4.9343E-01  9.8981E-01  8.3441E+01  6.7000E+01
  1.2000E+01  7.8546E+01  4.9343E-01  9.8981E-01  8.3441E+01  6.7000E+01
  1.2000E+01  7.8546E+01  4.7839E-01  1.0683E+00  7.6090E+01  6.7000E+01
  1.2000E+01  7.8546E+01  4.8674E-01  9.2695E-01  9.0330E+01  6.7000E+01
  1.2000E+01  7.8546E+01  4.8674E-01  9.2695E-01  9.0330E+01  6.7000E+01
  1.2000E+01  7.8125E+01  4.8674E-01  9.2695E-01  9.0330E+01  6.7000E+01
  1.2000E+01  7.9065E+01  4.8674E-01  9.2695E-01  9.0330E+01  6.7000E+01
  1.2000E+01  7.9065E+01  4.8674E-01  9.2695E-01  9.0330E+01  6.7000E+01
  1.2000E+01  7.9065E+01  4.7253E-01  8.9606E-01  9.3734E+01  6.7000E+01
  1.2000E+01  7.8100E+01  4.7253E-01  8.9606E-01  9.3734E+01  6.7000E+01
  1.2000E+01  7.8100E+01  4.7542E-01  8.4738E-01  9.5328E+01  6.7000E+01
  1.2000E+01  7.8100E+01  4.7542E-01  8.4738E-01  9.5328E+01  6.7000E+01
  1.2000E+01  7.8100E+01  4.8715E-01  7.8715E-01  9.7475E+01  6.7000E+01
  1.2000E+01  7.8100E+01  4.8999E-01  8.2335E-01  9.6160E+01  6.7000E+01
  1.2000E+01  7.8100E+01  4.8345E-01  8.6798E-01  9.4640E+01  6.7000E+01
  1.2000E+01  7.8100E+01  4.8005E-01  8.0381E-01  9.6860E+01  6.7000E+01
  1.2000E+01  7.8100E+01  4.7976E-01  8.6918E-01  9.4600E+01  6.7000E+01
  1.2000E+01  7.7556E+01  4.7976E-01  8.6918E-01  9.4600E+01  6.7000E+01
  1.2000E+01  7.9201E+01  4.7976E-01  8.6918E-01  9.4600E+01  6.7000E+01
  1.2000E+01  7.8907E+01  4.7976E-01  8.6918E-01  9.4600E+01  6.7000E+01
  1.2000E+01  7.8575E+01  4.7976E-01  8.6918E-01  9.4600E+01  6.7000E+01
  1.2000E+01  7.8575E+01  4.7976E-01  8.6918E-01  9.4600E+01  6.7000E+01
  1.2000E+01  7.9854E+01  4.7976E-01  8.6918E-01  9.4600E+01  6.7000E+01
  1.2000E+01  7.9864E+01  4.7976E-01  8.6918E-01  9.4600E+01  6.7000E+01
  1.2000E+01  7.8729E+01  4.7976E-01  8.6918E-01  9.4600E+01  6.7000E+01
  1.3000E+01  6.9259E+01  4.2246E-01  6.2822E-01  1.1384E+02  5.3000E+01
  1.3000E+01  6.9259E+01  4.2246E-01  6.2822E-01  1.1384E+02  5.3000E+01
  1.3000E+01  6.9301E+01  4.2246E-01  6.2822E-01  1.1384E+02  5.3000E+01
  1.3000E+01  6.9301E+01  4.1773E-01  6.2222E-01  1.1417E+02  5.3000E+01
  1.3000E+01  6.9301E+01  4.1773E-01  6.2222E-01  1.1417E+02  5.3000E+01
  1.3000E+01  6.9301E+01  4.5358E-01  6.2690E-01  1.1391E+02  5.3000E+01
  1.3000E+01  6.9301E+01  4.2608E-01  6.5141E-01  1.1260E+02  5.3000E+01
  1.3000E+01  6.9301E+01  4.2711E-01  6.2446E-01  1.1404E+02  5.3000E+01
  1.3000E+01  6.9301E+01  4.3469E-01  6.0868E-01  1.1493E+02  5.3000E+01
  1.3000E+01  6.9301E+01  4.0775E-01  6.0210E-01  1.1531E+02  5.3000E+01
  1.3000E+01  6.8966E+01  4.0775E-01  6.0210E-01  1.1531E+02  5.3000E+01
  1.3000E+01  6.8994E+01  4.0775E-01  6.0210E-01  1.1531E+02  5.3000E+01
  1.3000E+01  6.8714E+01  4.0775E-01  6.0210E-01  1.1531E+02  5.3000E+01
  1.3000E+01  7.0827E+01  4.0775E-01  6.0210E-01  1.1531E+02  5.3000E+01
  1.3000E+01  7.0827E+01  4.4760E-01  6.6562E-01  1.1187E+02  5.3000E+01
  1.3000E+01  6.9097E+01  4.4760E-01  6.6562E-01  1.1187E+02  5.3000E+01
  1.3000E+01  6.9097E+01  4.2296E-01  6.3926E-01  1.1324E+02  5.3000E+01
  1.3000E+01  6.9097E+01  4.2296E-01  6.3926E-01  1.1324E+02  5.3000E+01
  1.3000E+01  6.9097E+01  4.3766E-01  6.4119E-01  1.1314E+02  5.3000E+01
  1.3000E+01  6.9097E+01  4.3474E-01  6.1617E-01  1.1451E+02  5.3000E+01
  1.3000E+01  6.9097E+01  4.4274E-01  6.3526E-01  1.1346E+02  5.3000E+01
  1.3000E+01  6.9097E+01  4.4025E-01  6.1245E-01  1.1472E+02  5.3000E+01
  1.3000E+01  6.9097E+01  4.5073E-01  6.4527E-01  1.1292E+02  5.3000E+01
  1.3000E+01  6.9097E+01  4.5073E-01  6.4527E-01  1.1292E+02  5.3000E+01
  1.3000E+01  6.9097E+01  4.5073E-01  6.4527E-01  1.1292E+02  5.3000E+01
  1.3000E+01  6.9184E+01  4.5073E-01  6.4527E-01  1.1292E+02  5.3000E+01
  1.3000E+01  6.9391E+01  4.5073E-01  6.4527E-01  1.1292E+02  5.3000E+01
  1.3000E+01  7.0167E+01  4.5073E-01  6.4527E-01  1.1292E+02  5.3000E+01
  1.3000E+01  6.9323E+01  4.5073E-01  6.4527E-01  1.1292E+02  5.3000E+01
  1.3000E+01  6.9513E+01  4.5073E-01  6.4527E-01  1.1292E+02  5.3000E+01
  1.3000E+01  6.9115E+01  4.5073E-01  6.4527E-01  1.1292E+02  5.3000E+01
  1.4000E+01  5.9372E+01  4.5344E-01  9.6081E-01  6.8317E+01  5.8000E+01
  1.4000E+01  5.9372E+01  4.5344E-01  9.6081E-01  6.8317E+01  5.8000E+01
  1.4000E+01  5.9327E+01  4.5344E-01  9.6081E-01  6.8317E+01  5.8000E+01
  1.4000E+01  5.9327E+01  4.5986E-01  9.5368E-01  6.8935E+01  5.8000E+01
  1.4000E+01  5.9327E+01  4.5986E-01  9.5368E-01  6.8935E+01  5.8000E+01
  1.4000E+01  5.9327E+01  4.3176E-01  9.6960E-01  6.7568E+01  5.8000E+01
  1.4000E+01  5.9327E+01  4.4470E-01  9.8142E-01  6.6586E+01  5.8000E+01
  1.4000E+01  5.9327E+01  4.5055E-01  1.0779E+00  5.9448E+01  5.8000E+01
  1.4000E+01  5.9327E+01  4.3281E-01  1.0532E+00  6.1140E+01  5.8000E+01
  1.4000E+01  5.9327E+01  4.4147E-01  1.1141E+00  5.7123E+01  5.8000E+01
  1.4000E+01  5.9327E+01  4.4147E-01  1.1141E+00  5.7123E+01  5.8000E+01
  1.4000E+01  5.9366E+01  4.4147E-01  1.1141E+00  5.7123E+01  5.8000E+01
  1.4000E+01  5.8809E+01  4.4147E-01  1.1141E+00  5.7123E+01  5.8000E+01
  1.4000E+01  5.8809E+01  4.4147E-01  1.1141E+00  5.7123E+01  5.8000E+01
  1.4000E+01  5.8809E+01  4.3663E-01  1.1865E+00  5.2935E+01  5.8000E+01
  1.4000E+01  5.9322E+01  4.3663E-01  1.1865E+00  5.2935E+01  5.8000E+01
  1.4000E+01  5.9322E+01  4.4542E-01  1.1563E+00  5.4612E+01  5.8000E+01
  1.4000E+01  5.9322E+01  4.4542E-01  1.1563E+00  5.4612E+01  5.8000E+01
  1.4000E+01  5.9322E+01  4.6089E-01  1.1636E+00  5.4197E+01  5.8000E+01
  1.4000E+01  5.9322E+01  4.4089E-01  1.1869E+00  5.2914E+01  5.8000E+01
  1.4000E+01  5.9322E+01  4.4018E-01  1.1497E+00  5.4992E+01  5.8000E+01
  1.4000E+01  5.9322E+01  4.4837E-01  1.1898E+00  5.2760E+01  5.8000E+01
  1.4000E+01  5.9322E+01  4.5651E-01  1.1762E+00  5.3496E+01  5.8000E+01
  1.4000E+01  5.9322E+01  4.5651E-01  1.1762E+00  5.3496E+01  5.8000E+01
  1.4000E+01  6.0044E+01  4.5651E-01  1.1762E+00  5.3496E+01  5.8000E+01
  1.4000E+01  5.9251E+01  4.5651E-01  1.1762E+00  5.3496E+01  5.8000E+01
  1.4000E+01  5.9251E+01  4.5651E-01  1.1762E+00  5.3496E+01  5.8000E+01
  1.4000E+01  5.9251E+01  4.5651E-01  1.1762E+00  5.3496E+01  5.8000E+01
  1.4000E+01  5.9904E+01  4.5651E-01  1.1762E+00  5.3496E+01  5.8000E+01
  1.4000E+01  5.9801E+01  4.5651E-01  1.1762E+00  5.3496E+01  5.8000E+01
  1.4000E+01  5.8582E+01  4.5651E-01  1.1762E+00  5.3496E+01  5.8000E+01
  1.5000E+01  6.8619E+01  4.7829E-01  9.1092E-01  7.9002E+01  4.5000E+01
  1.5000E+01  6.8619E+01  4.7829E-01  9.1092E-01  7.9002E+01  4.5000E+01
  1.5000E+01  6.8619E+01  4.7829E-01  9.1092E-01  7.9002E+01  4.5000E+01
  1.5000E+01  6.8619E+01  4.8192E-01  7.9328E-01  9.3377E+01  4.5000E+01
  1.5000E+01  6.8619E+01  4.8192E-01  7.9328E-01  9.3377E+01  4.5000E+01
  1.5000E+01  6.8619E+01  4.7098E-01  9.3140E-01  7.6906E+01  4.5000E+01
  1.5000E+01  6.8619E+01  4.6192E-01  8.2680E-01  8.8819E+01  4.5000E+01
  1.5000E+01  6.8619E+01  4.6093E-01  9.7715E-01  7.2575E+01  4.5000E+01
  1.5000E+01  6.8619E+01  4.7904E-01  9.1469E-01  7.8608E+01  4.5000E+01
  1.5000E+01  6.8619E+01  4.6086E-01  9.6490E-01  7.3690E+01  4.5000E+01
  1.5000E+01  6.8674E+01  4.6086E-01  9.6490E-01  7.3690E+01  4.5000E+01
  1.5000E+01  6.8622E+01  4.6086E-01  9.6490E-01  7.3690E+01  4.5000E+01
  1.5000E+01  6.8426E+01  4.6086E-01  9.6490E-01  7.3690E+01  4.5000E+01
  1.5000E+01  6.8499E+01  4.6086E-01  9.6490E-01  7.3690E+01  4.5000E+01
  1.5000E+01  6.8499E+01  4.6086E-01  9.6490E-01  7.3690E+01  4.5000E+01
  1.5000E+01  6.8071E+01  4.6086E-01  9.6490E-01  7.3690E+01  4.5000E+01
  1.5000E+01  6.8071E+01  4.6459E-01  1.0419E+00  6.7161E+01  4.5000E+01
  1.5000E+01  6.8071E+01  4.6459E-01  1.0419E+00  6.7161E+01  4.5000E+01
  1.5000E+01  6.8071E+01  4.6780E-01  1.0463E+00  6.6820E+01  4.5000E+01
  1.5000E+01  6.8071E+01  4.5246E-01  1.0140E+00  6.9398E+01  4.5000E+01
  1.5000E+01  6.8071E+01  4.8253E-01  1.0468E+00  6.6781E+01  4.5000E+01
  1.5000E+01  6.8071E+01  4.8474E-01  9.6830E-01  7.3377E+01  4.5000E+01
  1.5000E+01  6.8071E+01  4.8474E-01  9.6830E-01  7.3377E+01  4.5000E+01
  1.5000E+01  6.9443E+01  4.8474E-01  9.6830E-01  7.3377E+01  4.5000E+01
  1.5000E+01  6.8295E+01  4.8474E-01  9.6830E-01  7.3377E+01  4.5000E+01
  1.5000E+01  6.8468E+01  4.8474E-01  9.6830E-01  7.3377E+01  4.5000E+01
  1.5000E+01  6.7808E+01  4.8474E-01  9.6830E-01  7.3377E+01  4.5000E+01
  1.5000E+01  6.9158E+01  4.8474E-01  9.6830E-01  7.3377E+01  4.5000E+01
  1.5000E+01  6.8629E+01  4.8474E-01  9.6830E-01  7.3377E+01  4.5000E+01
  1.5000E+01  6.8629E+01  4.8474E-01  9.6830E-01  7.3377E+01  4.5000E+01
  1.5000E+01  6.8629E+01  4.8474E-01  9.6830E-01  7.3377E+01  4.5000E+01
  1.6000E+01  6.4229E+01  4.8835E-01  6.5814E-01  9.5555E+01  6.8000E+01
  1.6000E+01  6.4229E+01  4.8835E-01  6.5814E-01  9.5555E+01  6.8000E+01
  1.6000E+01  6.4229E+01  4.8835E-01  6.5814E-01  9.5555E+01  6.8000E+01
  1.6000E+01  6.4229E+01  5.0412E-01  6.6368E-01  9.5362E+01  6.8000E+01
  1.6000E+01  6.4229E+01  5.0412E-01  6.6368E-01  9.5362E+01  6.8000E+01
  1.6000E+01  6.4229E+01  4.7424E-01  6.2291E-01  9.6831E+01  6.8000E+01
  1.6000E+01  6.4229E+01  4.8471E-01  6.2417E-01  9.6783E+01  6.8000E+01
  1.6000E+01  6.4229E+01  4.6801E-01  6.2890E-01  9.6607E+01  6.8000E+01
  1.6000E+01  6.4229E+01  4.9237E-01  6.3054E-01  9.6547E+01  6.8000E+01
  1.6000E+01  6.4229E+01  4.8803E-01  7.0450E-01  9.3419E+01  6.8000E+01
  1.6000E+01  6.4229E+01  4.8803E-01  7.0450E-01  9.3419E+01  6.8000E+01
  1.6000E+01  6.5388E+01  4.8803E-01  7.0450E-01  9.3419E+01  6.8000E+01
  1.6000E+01  6.5249E+01  4.8803E-01  7.0450E-01  9.3419E+01  6.8000E+01
  1.6000E+01  6.4229E+01  4.8803E-01  7.0450E-01  9.3419E+01  6.8000E+01
  1.6000E+01  6.4229E+01  4.8565E-01  7.8337E-01  8.2171E+01  6.8000E+01
  1.6000E+01  6.4130E+01  4.8565E-01  7.8337E-01  8.2171E+01  6.8000E+01
  1.6000E+01  6.4130E+01  5.0342E-01  6.0560E-01  9.7490E+01  6.8000E+01
  1.6000E+01  6.4130E+01  5.0342E-01  6.0560E-01  9.7490E+01  6.8000E+01
  1.6000E+01  6.4130E+01  4.9102E-01  6.0173E-01  9.7641E+01  6.8000E+01
  1.6000E+01  6.4130E+01  4.9381E-01  6.2838E-01  9.6627E+01  6.8000E+01
  1.6000E+01  6.4130E+01  4.9321E-01  6.2735E-01  9.6665E+01  6.8000E+01
  1.6000E+01  6.4130E+01  4.8815E-01  6.2421E-01  9.6782E+01  6.8000E+01
  1.6000E+01  6.4130E+01  4.8804E-01  6.7845E-01  9.4858E+01  6.8000E+01
  1.6000E+01  6.4100E+01  4.8804E-01  6.7845E-01  9.4858E+01  6.8000E+01
  1.6000E+01  6.4100E+01  4.8804E-01  6.7845E-01  9.4858E+01  6.8000E+01
  1.6000E+01  6.3913E+01  4.8804E-01  6.7845E-01  9.4858E+01  6.8000E+01
  1.6000E+01  6.4725E+01  4.8804E-01  6.7845E-01  9.4858E+01  6.8000E+01
  1.6000E+01  6.5747E+01  4.8804E-01  6.7845E-01  9.4858E+01  6.8000E+01
  1.6000E+01  6.4732E+01  4.8804E-01  6.7845E-01  9.4858E+01  6.8000E+01
  1.6000E+01  6.4941E+01  4.8804E-01  6.7845E-01  9.4858E+01  6.8000E+01
  1.6000E+01  6.4768E+01  4.8804E-01  6.7845E-01  9.4858E+01  6.8000E+01
  1.7000E+01  7.0455E+01  4.0330E-01  9.9612E-01  7.9275E+01  7.4000E+01
  1.7000E+01  7.0455E+01  4.0330E-01  9.9612E-01  7.9275E+01  7.4000E+01
  1.7000E+01  7.0530E+01  4.0330E-01  9.9612E-01  7.9275E+01  7.4000E+01
  1.7000E+01  7.0530E+01  4.0120E-01  1.0581E+00  7.3694E+01  7.4000E+01
  1.7000E+01  7.0530E+01  4.0120E-01  1.0581E+00  7.3694E+01  7.4000E+01
  1.7000E+01  7.0530E+01  3.8642E-01  1.0513E+00  7.4276E+01  7.4000E+01
  1.7000E+01  7.0530E+01  3.9147E-01  1.0745E+00  7.2338E+01  7.4000E+01
  1.7000E+01  7.0530E+01  3.7030E-01  1.0467E+00  7.4666E+01  7.4000E+01
  1.7000E+01  7.0530E+01  4.0570E-01  1.1162E+00  6.9085E+01  7.4000E+01
  1.7000E+01  7.0530E+01  3.9889E-01  1.0753E+00  7.2272E+01  7.4000E+01
  1.7000E+01  6.9841E+01  3.9889E-01  1.0753E+00  7.2272E+01  7.4000E+01
  1.7000E+01  7.0009E+01  3.9889E-01  1.0753E+00  7.2272E+01  7.4000E+01
  1.7000E+01  7.0707E+01  3.9889E-01  1.0753E+00  7.2272E+01  7.4000E+01
  1.7000E+01  6.9995E+01  3.9889E-01  1.0753E+00  7.2272E+01  7.4000E+01
  1.7000E+01  6.9995E+01  4.0741E-01  1.1954E+00  6.3591E+01  7.4000E+01
  1.7000E+01  7.1800E+01  4.0741E-01  1.1954E+00  6.3591E+01  7.4000E+01
  1.7000E+01  7.1800E+01  4.0027E-01  1.1816E+00  6.4487E+01  7.4000E+01
  1.7000E+01  7.1800E+01  4.0027E-01  1.1816E+00  6.4487E+01  7.4000E+01
  1.7000E+01  7.1800E+01  3.9104E-01  1.1963E+00  6.3531E+01  7.4000E+01
  1.7000E+01  7.1800E+01  3.6429E-01  1.1582E+00  6.6065E+01  7.4000E+01
  1.7000E+01  7.1800E+01  3.9592E-01  1.1400E+00  6.7346E+01  7.4000E+01
  1.7000E+01  7.1800E+01  3.9271E-01  1.1113E+00  6.9455E+01  7.4000E+01
  1.7000E+01  7.1800E+01  3.9480E-01  1.1376E+00  6.7516E+01  7.4000E+01
  1.7000E+01  7.1800E+01  3.9480E-01  1.1376E+00  6.7516E+01  7.4000E+01
  1.7000E+01  7.0498E+01  3.9480E-01  1.1376E+00  6.7516E+01  7.4000E+01
  1.7000E+01  7.0547E+01  3.9480E-01  1.1376E+00  6.7516E+01  7.4000E+01
  1.7000E+01  7.0547E+01  3.9480E-01  1.1376E+00  6.7516E+01  7.4000E+01
  1.7000E+01  7.0547E+01  3.9480E-01  1.1376E+00  6.7516E+01  7.4000E+01
  1.7000E+01  6.9133E+01  3.9480E-01  1.1376E+00  6.7516E+01  7.4000E+01
  1.7000E+01  6.9133E+01  3.9480E-01  1.1376E+00  6.7516E+01  7.4000E+01
  1.7000E+01  6.9724E+01  3.9480E-01  1.1376E+00  6.7516E+01  7.4000E+01
  1.8000E+01  6.1490E+01  4.7831E-01  1.0721E+00  6.0214E+01  5.7000E+01
  1.8000E+01  6.1490E+01  4.7831E-01  1.0721E+00  6.0214E+01  5.7000E+01
  1.8000E+01  6.1652E+01  4.7831E-01  1.0721E+00  6.0214E+01  5.7000E+01
  1.8000E+01  6.1652E+01  4.7189E-01  1.0885E+00  5.9116E+01  5.7000E+01
  1.8000E+01  6.1652E+01  4.7189E-01  1.0885E+00  5.9116E+01  5.7000E+01
  1.8000E+01  6.1652E+01  4.7701E-01  1.1037E+00  5.8133E+01  5.7000E+01
  1.8000E+01  6.1652E+01  5.0677E-01  1.0465E+00  6.2000E+01  5.7000E+01
  1.8000E+01  6.1652E+01  4.7715E-01  1.0619E+00  6.0914E+01  5.7000E+01
  1.8000E+01  6.1652E+01  4.6962E-01  1.0987E+00  5.8453E+01  5.7000E+01
  1.8000E+01  6.1652E+01  4.6012E-01  1.1732E+00  5.3997E+01  5.7000E+01
  1.8000E+01  6.2111E+01  4.6012E-01  1.1732E+00  5.3997E+01  5.7000E+01
  1.8000E+01  6.2657E+01  4.6012E-01  1.1732E+00  5.3997E+01  5.7000E+01
  1.8000E+01  6.1246E+01  4.6012E-01  1.1732E+00  5.3997E+01  5.7000E+01
  1.8000E+01  6.1246E+01  4.6012E-01  1.1732E+00  5.3997E+01  5.7000E+01
  1.8000E+01  6.1246E+01  4.8151E-01  1.1730E+00  5.4005E+01  5.7000E+01
  1.8000E+01  6.1246E+01  4.8151E-01  1.1730E+00  5.4005E+01  5.7000E+01
  1.8000E+01  6.1246E+01  4.5975E-01  1.0920E+00  5.8889E+01  5.7000E+01
  1.8000E+01  6.1246E+01  4.5975E-01  1.0920E+00  5.8889E+01  5.7000E+01
  1.8000E+01  6.1246E+01  4.6452E-01  1.1659E+00  5.4405E+01  5.7000E+01
  1.8000E+01  6.1246E+01  4.9850E-01  1.1198E+00  5.7122E+01  5.7000E+01
  1.8000E+01  6.1246E+01  4.9537E-01  1.1617E+00  5.4641E+01  5.7000E+01
  1.8000E+01  6.1246E+01  4.7061E-01  1.1774E+00  5.3762E+01  5.7000E+01
  1.8000E+01  6.1246E+01  4.9110E-01  1.1496E+00  5.5340E+01  5.7000E+01
  1.8000E+01  6.1259E+01  4.9110E-01  1.1496E+00  5.5340E+01  5.7000E+01
  1.8000E+01  6.1259E+01  4.9110E-01  1.1496E+00  5.5340E+01  5.7000E+01
  1.8000E+01  6.1296E+01  4.9110E-01  1.1496E+00  5.5340E+01  5.7000E+01
  1.8000E+01  6.1583E+01  4.9110E-01  1.1496E+00  5.5340E+01  5.7000E+01
  1.8000E+01  6.1759E+01  4.9110E-01  1.1496E+00  5.5340E+01  5.7000E+01
  1.8000E+01  6.1726E+01  4.9110E-01  1.1496E+00  5.5340E+01  5.7000E+01
  1.8000E+01  6.1176E+01  4.9110E-01  1.1496E+00  5.5340E+01  5.7000E+01
  1.8000E+01  6.1795E+01  4.9110E-01  1.1496E+00  5.5340E+01  5.7000E+01
  1.9000E+01  6.5913E+01  4.9064E-01  6.8702E-01  1.0477E+02  6.2000E+01
  1.9000E+01  6.5913E+01  4.9064E-01  6.8702E-01  1.0477E+02  6.2000E+01
  1.9000E+01  6.5836E+01  4.9064E-01  6.8702E-01  1.0477E+02  6.2000E+01
  1.9000E+01  6.5836E+01  4.8240E-01  6.3419E-01  1.0733E+02  6.2000E+01
  1.9000E+01  6.5836E+01  4.8240E-01  6.3419E-01  1.0733E+02  6.2000E+01
  1.9000E+01  6.5836E+01  4.8240E-01  6.3419E-01  1.0733E+02  6.2000E+01
  1.9000E+01  6.5836E+01  4.8478E-01  7.2857E-01  1.0293E+02  6.2000E+01
  1.9000E+01  6.5836E+01  4.8055E-01  6.4782E-01  1.0665E+02  6.2000E+01
  1.9000E+01  6.5836E+01  4.8633E-01  6.1777E-01  1.0819E+02  6.2000E+01
  1.9000E+01  6.5836E+01  4.6426E-01  6.6693E-01  1.0571E+02  6.2000E+01
  1.9000E+01  6.5836E+01  4.6426E-01  6.6693E-01  1.0571E+02  6.2000E+01
  1.9000E+01  6.6314E+01  4.6426E-01  6.6693E-01  1.0571E+02  6.2000E+01
  1.9000E+01  6.5401E+01  4.6426E-01  6.6693E-01  1.0571E+02  6.2000E+01
  1.9000E+01  6.5758E+01  4.6426E-01  6.6693E-01  1.0571E+02  6.2000E+01
  1.9000E+01  6.5758E+01  4.8865E-01  6.6822E-01  1.0565E+02  6.2000E+01
  1.9000E+01  6.5758E+01  4.8865E-01  6.6822E-01  1.0565E+02  6.2000E+01
  1.9000E+01  6.5758E+01  4.7782E-01  6.5684E-01  1.0620E+02  6.2000E+01
  1.9000E+01  6.5758E+01  4.7782E-01  6.5684E-01  1.0620E+02  6.2000E+01
  1.9000E+01  6.5758E+01  4.4803E-01  6.2983E-01  1.0756E+02  6.2000E+01
  1.9000E+01  6.5758E+01  4.9113E-01  7.2518E-01  1.0307E+02  6.2000E+01
  1.9000E+01  6.5758E+01  4.7902E-01  6.5191E-01  1.0644E+02  6.2000E+01
  1.9000E+01  6.5758E+01  4.6340E-01  6.0300E-01  1.0898E+02  6.2000E+01
  1.9000E+01  6.5758E+01  4.8085E-01  6.4132E-01  1.0697E+02  6.2000E+01
  1.9000E+01  6.5660E+01  4.8085E-01  6.4132E-01  1.0697E+02  6.2000E+01
  1.9000E+01  6.4815E+01  4.8085E-01  6.4132E-01  1.0697E+02  6.2000E+01
  1.9000E+01  6.4815E+01  4.8085E-01  6.4132E-01  1.0697E+02  6.2000E+01
  1.9000E+01  6.5589E+01  4.8085E-01  6.4132E-01  1.0697E+02  6.2000E+01
  1.9000E+01  6.5589E+01  4.8085E-01  6.4132E-01  1.0697E+02  6.2000E+01
  1.9000E+01  6.5589E+01  4.8085E-01  6.4132E-01  1.0697E+02  6.2000E+01
  1.9000E+01  6.5589E+01  4.8085E-01  6.4132E-01  1.0697E+02  6.2000E+01
  1.9000E+01  6.5605E+01  4.8085E-01  6.4132E-01  1.0697E+02  6.2000E+01
  2.0000E+01  6.4313E+01  5.0840E-01  1.1004E+00  5.7263E+01  6.0000E+01
  2.0000E+01  6.4313E+01  5.0840E-01  1.1004E+00  5.7263E+01  6.0000E+01
  2.0000E+01  6.4313E+01  5.0840E-01  1.1004E+00  5.7263E+01  6.0000E+01
  2.0000E+01  6.4313E+01  5.0651E-01  1.1455E+00  5.4554E+01  6.0000E+01
  2.0000E+01  6.4313E+01  5.0651E-01  1.1455E+00  5.4554E+01  6.0000E+01
  2.0000E+01  6.4313E+01  4.9880E-01  1.1910E+00  5.2040E+01  6.0000E+01
  2.0000E+01  6.4313E+01  4.9993E-01  1.1741E+00  5.2948E+01  6.0000E+01
  2.0000E+01  6.4313E+01  4.9524E-01  1.1318E+00  5.5348E+01  6.0000E+01
  2.0000E+01  6.4313E+01  5.0391E-01  1.1775E+00  5.2762E+01  6.0000E+01
  2.0000E+01  6.4313E+01  4.8848E-01  1.1686E+00  5.3249E+01  6.0000E+01
  2.0000E+01  6.4449E+01  4.8848E-01  1.1686E+00  5.3249E+01  6.0000E+01
  2.0000E+01  6.3816E+01  4.8848E-01  1.1686E+00  5.3249E+01  6.0000E+01
  2.0000E+01  6.3652E+01  4.8848E-01  1.1686E+00  5.3249E+01  6.0000E+01
  2.0000E+01  6.3971E+01  4.8848E-01  1.1686E+00  5.3249E+01  6.0000E+01
  2.0000E+01  6.3971E+01  4.9906E-01  1.1922E+00  5.1978E+01  6.0000E+01
  2.0000E+01  6.3971E+01  4.9906E-01  1.1922E+00  5.1978E+01  6.0000E+01
  2.0000E+01  6.3971E+01  5.1710E-01  1.1974E+00  5.1708E+01  6.0000E+01
  2.0000E+01  6.3971E+01  5.1710E-01  1.1974E+00  5.1708E+01  6.0000E+01
  2.0000E+01  6.3971E+01  5.0652E-01  1.1213E+00  5.5980E+01  6.0000E+01
  2.0000E+01  6.3971E+01  5.0320E-01  1.1852E+00  5.2349E+01  6.0000E+01
  2.0000E+01  6.3971E+01  5.1360E-01  1.1897E+00  5.2112E+01  6.0000E+01
  2.0000E+01  6.3971E+01  4.7776E-01  1.1783E+00  5.2719E+01  6.0000E+01
  2.0000E+01  6.3971E+01  5.0866E-01  1.1129E+00  5.6487E+01  6.0000E+01
  2.0000E+01  6.3574E+01  5.0866E-01  1.1129E+00  5.6487E+01  6.0000E+01
  2.0000E+01  6.3901E+01  5.0866E-01  1.1129E+00  5.6487E+01  6.0000E+01
  2.0000E+01  6.3901E+01  5.0866E-01  1.1129E+00  5.6487E+01  6.0000E+01
  2.0000E+01  6.3893E+01  5.0866E-01  1.1129E+00  5.6487E+01  6.0000E+01
  2.0000E+01  6.3893E+01  5.0866E-01  1.1129E+00  5.6487E+01  6.0000E+01
  2.0000E+01  6.4338E+01  5.0866E-01  1.1129E+00  5.6487E+01  6.0000E+01
  2.0000E+01  6.3509E+01  5.0866E-01  1.1129E+00  5.6487E+01  6.0000E+01
  2.0000E+01  6.3905E+01  5.0866E-01  1.1129E+00  5.6487E+01  6.0000E+01
  2.1000E+01  6.7202E+01  4.3528E-01  7.9889E-01  8.8641E+01  5.2000E+01
  2.1000E+01  6.7202E+01  4.3528E-01  7.9889E-01  8.8641E+01  5.2000E+01
  2.1000E+01  6.7476E+01  4.3528E-01  7.9889E-01  8.8641E+01  5.2000E+01
  2.1000E+01  6.7476E+01  4.6614E-01  8.6718E-01  8.0272E+01  5.2000E+01
  2.1000E+01  6.7476E+01  4.6614E-01  8.6718E-01  8.0272E+01  5.2000E+01
  2.1000E+01  6.7476E+01  4.5333E-01  8.0801E-01  8.7433E+01  5.2000E+01
  2.1000E+01  6.7476E+01  4.4252E-01  8.8446E-01  7.8380E+01  5.2000E+01
  2.1000E+01  6.7476E+01  4.6230E-01  7.9099E-01  8.9713E+01  5.2000E+01
  2.1000E+01  6.7476E+01  4.5770E-01  8.1049E-01  8.7109E+01  5.2000E+01
  2.1000E+01  6.7476E+01  4.6266E-01  8.7091E-01  7.9857E+01  5.2000E+01
  2.1000E+01  6.6199E+01  4.6266E-01  8.7091E-01  7.9857E+01  5.2000E+01
  2.1000E+01  6.7974E+01  4.6266E-01  8.7091E-01  7.9857E+01  5.2000E+01
  2.1000E+01  6.7542E+01  4.6266E-01  8.7091E-01  7.9857E+01  5.2000E+01
  2.1000E+01  6.6942E+01  4.6266E-01  8.7091E-01  7.9857E+01  5.2000E+01
  2.1000E+01  6.6942E+01  4.9185E-01  9.1518E-01  7.5210E+01  5.2000E+01
  2.1000E+01  6.6888E+01  4.9185E-01  9.1518E-01  7.5210E+01  5.2000E+01
  2.1000E+01  6.6888E+01  4.6957E-01  9.7002E-01  7.0101E+01  5.2000E+01
  2.1000E+01  6.6888E+01  4.6957E-01  9.7002E-01  7.0101E+01  5.2000E+01
  2.1000E+01  6.6888E+01  4.4131E-01  1.0155E+00  6.6326E+01  5.2000E+01
  2.1000E+01  6.6888E+01  4.5295E-01  9.9588E-01  6.7906E+01  5.2000E+01
  2.1000E+01  6.6888E+01  4.5916E-01  1.0724E+00  6.2095E+01  5.2000E+01
  2.1000E+01  6.6888E+01  4.4458E-01  1.0061E+00  6.7075E+01  5.2000E+01
  2.1000E+01  6.6888E+01  4.5911E-01  1.0480E+00  6.3848E+01  5.2000E+01
  2.1000E+01  6.7395E+01  4.5911E-01  1.0480E+00  6.3848E+01  5.2000E+01
  2.1000E+01  6.6841E+01  4.5911E-01  1.0480E+00  6.3848E+01  5.2000E+01
  2.1000E+01  6.8112E+01  4.5911E-01  1.0480E+00  6.3848E+01  5.2000E+01
  2.1000E+01  6.7060E+01  4.5911E-01  1.0480E+00  6.3848E+01  5.2000E+01
  2.1000E+01  6.7585E+01  4.5911E-01  1.0480E+00  6.3848E+01  5.2000E+01
  2.1000E+01  6.7295E+01  4.5911E-01  1.0480E+00  6.3848E+01  5.2000E+01
  2.1000E+01  6.7348E+01  4.5911E-01  1.0480E+00  6.3848E+01  5.2000E+01
  2.1000E+01  6.6726E+01  4.5911E-01  1.0480E+00  6.3848E+01  5.2000E+01
  2.2000E+01  6.6229E+01  3.6171E-01  9.8565E-01  6.2246E+01  6.8000E+01
  2.2000E+01  6.6229E+01  3.6171E-01  9.8565E-01  6.2246E+01  6.8000E+01
  2.2000E+01  6.6229E+01  3.6171E-01  9.8565E-01  6.2246E+01  6.8000E+01
  2.2000E+01  6.6229E+01  3.9715E-01  1.0079E+00  6.0589E+01  6.8000E+01
  2.2000E+01  6.6229E+01  3.9715E-01  1.0079E+00  6.0589E+01  6.8000E+01
  2.2000E+01  6.6229E+01  3.7278E-01  1.0411E+00  5.8263E+01  6.8000E+01
  2.2000E+01  6.6229E+01  3.9708E-01  1.0428E+00  5.8143E+01  6.8000E+01
  2.2000E+01  6.6229E+01  4.0242E-01  1.0414E+00  5.8242E+01  6.8000E+01
  2.2000E+01  6.6229E+01  3.8651E-01  9.6849E-01  6.3582E+01  6.8000E+01
  2.2000E+01  6.6229E+01  3.9105E-01  9.5791E-01  6.4432E+01  6.8000E+01
  2.2000E+01  6.6240E+01  3.9105E-01  9.5791E-01  6.4432E+01  6.8000E+01
  2.2000E+01  6.7043E+01  3.9105E-01  9.5791E-01  6.4432E+01  6.8000E+01
  2.2000E+01  6.7043E+01  3.9105E-01  9.5791E-01  6.4432E+01  6.8000E+01
  2.2000E+01  6.6122E+01  3.9105E-01  9.5791E-01  6.4432E+01  6.8000E+01
  2.2000E+01  6.6122E+01  3.8068E-01  1.1330E+00  5.2594E+01  6.8000E+01
  2.2000E+01  6.5566E+01  3.8068E-01  1.1330E+00  5.2594E+01  6.8000E+01
  2.2000E+01  6.5566E+01  3.8322E-01  1.1359E+00  5.2437E+01  6.8000E+01
  2.2000E+01  6.5566E+01  3.8322E-01  1.1359E+00  5.2437E+01  6.8000E+01
  2.2000E+01  6.5566E+01  3.9076E-01  1.1271E+00  5.2927E+01  6.8000E+01
  2.2000E+01  6.5566E+01  3.8721E-01  1.1475E+00  5.1796E+01  6.8000E+01
  2.2000E+01  6.5566E+01  3.8963E-01  1.0953E+00  5.4791E+01  6.8000E+01
  2.2000E+01  6.5566E+01  3.7389E-01  1.1566E+00  5.1301E+01  6.8000E+01
  2.2000E+01  6.5566E+01  3.9552E-01  1.1489E+00  5.1719E+01  6.8000E+01
  2.2000E+01  6.5566E+01  3.9552E-01  1.1489E+00  5.1719E+01  6.8000E+01
  2.2000E+01  6.5687E+01  3.9552E-01  1.1489E+00  5.1719E+01  6.8000E+01
  2.2000E+01  6.6087E+01  3.9552E-01  1.1489E+00  5.1719E+01  6.8000E+01
  2.2000E+01  6.6890E+01  3.9552E-01  1.1489E+00  5.1719E+01  6.8000E+01
  2.2000E+01  6.7003E+01  3.9552E-01  1.1489E+00  5.1719E+01  6.8000E+01
  2.2000E+01  6.7446E+01  3.9552E-01  1.1489E+00  5.1719E+01  6.8000E+01
  2.2000E+01  6.6542E+01  3.9552E-01  1.1489E+00  5.1719E+01  6.8000E+01
  2.2000E+01  6.5686E+01  3.9552E-01  1.1489E+00  5.1719E+01  6.8000E+01
  2.3000E+01  7.7273E+01  4.7888E-01  7.7982E-01  1.0274E+02  5.9000E+01
  2.3000E+01  7.7273E+01  4.7888E-01  7.7982E-01  1.0274E+02  5.9000E+01
  2.3000E+01  7.7273E+01  4.7888E-01  7.7982E-01  1.0274E+02  5.9000E+01
  2.3000E+01  7.7273E+01  4.7888E-01  7.7982E-01  1.0274E+02  5.9000E+01
  2.3000E+01  7.7273E+01  4.7874E-01  8.0351E-01  1.0181E+02  5.9000E+01
  2.3000E+01  7.7273E+01  4.7874E-01  8.0351E-01  1.0181E+02  5.9000E+01
  2.3000E+01  7.7273E+01  4.8729E-01  8.9527E-01  9.8542E+01  5.9000E+01
  2.3000E+01  7.7273E+01  4.7616E-01  7.4708E-01  1.0408E+02  5.9000E+01
  2.3000E+01  7.7273E+01  4.8427E-01  7.8879E-01  1.0238E+02  5.9000E+01
  2.3000E+01  7.7273E+01  4.7973E-01  8.0431E-01  1.0178E+02  5.9000E+01
  2.3000E+01  7.7273E+01  4.7973E-01  8.0431E-01  1.0178E+02  5.9000E+01
  2.3000E+01  7.7281E+01  4.7973E-01  8.0431E-01  1.0178E+02  5.9000E+01
  2.3000E+01  7.7255E+01  4.7973E-01  8.0431E-01  1.0178E+02  5.9000E+01
  2.3000E+01  7.7255E+01  4.7973E-01  8.0431E-01  1.0178E+02  5.9000E+01
  2.3000E+01  7.7255E+01  4.8240E-01  9.9853E-01  8.6772E+01  5.9000E+01
  2.3000E+01  7.8066E+01  4.8240E-01  9.9853E-01  8.6772E+01  5.9000E+01
  2.3000E+01  7.8066E+01  4.7859E-01  1.0032E+00  8.6287E+01  5.9000E+01
  2.3000E+01  7.8066E+01  4.8156E-01  1.0633E+00  8.0423E+01  5.9000E+01
  2.3000E+01  7.8066E+01  4.8156E-01  1.0633E+00  8.0423E+01  5.9000E+01
  2.3000E+01  7.8066E+01  4.8402E-01  1.0687E+00  7.9933E+01  5.9000E+01
  2.3000E+01  7.8066E+01  4.9279E-01  1.0101E+00  8.5575E+01  5.9000E+01
  2.3000E+01  7.8066E+01  4.9758E-01  1.0103E+00  8.5554E+01  5.9000E+01
  2.3000E+01  7.8066E+01  4.8192E-01  9.2582E-01  9.5077E+01  5.9000E+01
  2.3000E+01  7.7181E+01  4.8192E-01  9.2582E-01  9.5077E+01  5.9000E+01
  2.3000E+01  7.7181E+01  4.8192E-01  9.2582E-01  9.5077E+01  5.9000E+01
  2.3000E+01  7.6874E+01  4.8192E-01  9.2582E-01  9.5077E+01  5.9000E+01
  2.3000E+01  7.6874E+01  4.8192E-01  9.2582E-01  9.5077E+01  5.9000E+01
  2.3000E+01  7.7075E+01  4.8192E-01  9.2582E-01  9.5077E+01  5.9000E+01
  2.3000E+01  7.7945E+01  4.8192E-01  9.2582E-01  9.5077E+01  5.9000E+01
  2.3000E+01  7.6968E+01  4.8192E-01  9.2582E-01  9.5077E+01  5.9000E+01
  2.3000E+01  7.7239E+01  4.8192E-01  9.2582E-01  9.5077E+01  5.9000E+01
  2.4000E+01  7.4642E+01  4.1243E-01  1.0447E+00  8.1141E+01  6.1000E+01
  2.4000E+01  7.4642E+01  4.1243E-01  1.0447E+00  8.1141E+01  6.1000E+01
  2.4000E+01  7.4522E+01  4.1243E-01  1.0447E+00  8.1141E+01  6.1000E+01
  2.4000E+01  7.4522E+01  4.2188E-01  1.0684E+00  7.8970E+01  6.1000E+01
  2.4000E+01  7.4522E+01  4.3706E-01  1.0721E+00  7.8640E+01  6.1000E+01
  2.4000E+01  7.4522E+01  4.3706E-01  1.0721E+00  7.8640E+01  6.1000E+01
  2.4000E+01  7.4522E+01  4.3201E-01  1.0166E+00  8.3859E+01  6.1000E+01
  2.4000E+01  7.4522E+01  4.3201E-01  1.0166E+00  8.3859E+01  6.1000E+01
  2.4000E+01  7.4522E+01  4.2462E-01  9.8331E-01  8.7306E+01  6.1000E+01
  2.4000E+01  7.4522E+01  4.1713E-01  1.0952E+00  7.6643E+01  6.1000E+01
  2.4000E+01  7.4870E+01  4.1713E-01  1.0952E+00  7.6643E+01  6.1000E+01
  2.4000E+01  7.4870E+01  4.1713E-01  1.0952E+00  7.6643E+01  6.1000E+01
  2.4000E+01  7.4224E+01  4.1713E-01  1.0952E+00  7.6643E+01  6.1000E+01
  2.4000E+01  7.3372E+01  4.1713E-01  1.0952E+00  7.6643E+01  6.1000E+01
  2.4000E+01  7.3372E+01  4.4823E-01  8.8086E-01  9.7802E+01  6.1000E+01
  2.4000E+01  7.3372E+01  4.4823E-01  8.8086E-01  9.7802E+01  6.1000E+01
  2.4000E+01  7.3372E+01  4.4823E-01  8.8086E-01  9.7802E+01  6.1000E+01
  2.4000E+01  7.3372E+01  4.3910E-01  8.5779E-01  9.8589E+01  6.1000E+01
  2.4000E+01  7.3372E+01  4.3910E-01  8.5779E-01  9.8589E+01  6.1000E+01
  2.4000E+01  7.3372E+01  4.3910E-01  8.5779E-01  9.8589E+01  6.1000E+01
  2.4000E+01  7.3372E+01  4.2698E-01  8.0861E-01  1.0036E+02  6.1000E+01
  2.4000E+01  7.3372E+01  4.3172E-01  8.1795E-01  1.0001E+02  6.1000E+01
  2.4000E+01  7.3372E+01  4.3110E-01  8.0135E-01  1.0064E+02  6.1000E+01
  2.4000E+01  7.4800E+01  4.3110E-01  8.0135E-01  1.0064E+02  6.1000E+01
  2.4000E+01  7.4800E+01  4.3110E-01  8.0135E-01  1.0064E+02  6.1000E+01
  2.4000E+01  7.4800E+01  4.3110E-01  8.0135E-01  1.0064E+02  6.1000E+01
  2.4000E+01  7.4373E+01  4.3110E-01  8.0135E-01  1.0064E+02  6.1000E+01
  2.4000E+01  7.5112E+01  4.3110E-01  8.0135E-01  1.0064E+02  6.1000E+01
  2.4000E+01  7.4708E+01  4.3110E-01  8.0135E-01  1.0064E+02  6.1000E+01
  2.4000E+01  7.4708E+01  4.3110E-01  8.0135E-01  1.0064E+02  6.1000E+01
  2.4000E+01  7.4708E+01  4.3110E-01  8.0135E-01  1.0064E+02  6.1000E+01
  2.5000E+01  7.6205E+01  5.3413E-01  1.0501E+00  9.0191E+01  4.3000E+01
  2.5000E+01  7.6205E+01  5.3413E-01  1.0501E+00  9.0191E+01  4.3000E+01
  2.5000E+01  7.6205E+01  5.3413E-01  1.0501E+00  9.0191E+01  4.3000E+01
  2.5000E+01  7.6205E+01  5.1219E-01  1.0515E+00  9.0045E+01  4.3000E+01
  2.5000E+01  7.6205E+01  5.0807E-01  9.7456E-01  9.8708E+01  4.3000E+01
  2.5000E+01  7.6205E+01  5.0807E-01  9.7456E-01  9.8708E+01  4.3000E+01
  2.5000E+01  7.6205E+01  5.1935E-01  1.1249E+00  8.2992E+01  4.3000E+01
  2.5000E+01  7.6205E+01  5.0160E-01  1.0250E+00  9.2871E+01  4.3000E+01
  2.5000E+01  7.6205E+01  5.0737E-01  1.0723E+00  8.7940E+01  4.3000E+01
  2.5000E+01  7.6205E+01  4.9398E-01  1.1358E+00  8.2029E+01  4.3000E+01
  2.5000E+01  7.6205E+01  4.9398E-01  1.1358E+00  8.2029E+01  4.3000E+01
  2.5000E+01  7.6432E+01  4.9398E-01  1.1358E+00  8.2029E+01  4.3000E+01
  2.5000E+01  7.5694E+01  4.9398E-01  1.1358E+00  8.2029E+01  4.3000E+01
  2.5000E+01  7.6210E+01  4.9398E-01  1.1358E+00  8.2029E+01  4.3000E+01
  2.5000E+01  7.6210E+01  5.1728E-01  1.1428E+00  8.1418E+01  4.3000E+01
  2.5000E+01  7.5885E+01  5.1728E-01  1.1428E+00  8.1418E+01  4.3000E+01
  2.5000E+01  7.5885E+01  5.1687E-01  1.1908E+00  7.7471E+01  4.3000E+01
  2.5000E+01  7.5885E+01  4.9568E-01  1.1977E+00  7.6932E+01  4.3000E+01
  2.5000E+01  7.5885E+01  4.9568E-01  1.1977E+00  7.6932E+01  4.3000E+01
  2.5000E+01  7.5885E+01  4.9568E-01  1.1977E+00  7.6932E+01  4.3000E+01
  2.5000E+01  7.5885E+01  4.8678E-01  1.1740E+00  7.8816E+01  4.3000E+01
  2.5000E+01  7.5885E+01  5.1265E-01  1.1286E+00  8.2661E+01  4.3000E+01
  2.5000E+01  7.5885E+01  5.0674E-01  1.1936E+00  7.7251E+01  4.3000E+01
  2.5000E+01  7.5981E+01  5.0674E-01  1.1936E+00  7.7251E+01  4.3000E+01
  2.5000E+01  7.5543E+01  5.0674E-01  1.1936E+00  7.7251E+01  4.3000E+01
  2.5000E+01  7.6269E+01  5.0674E-01  1.1936E+00  7.7251E+01  4.3000E+01
  2.5000E+01  7.5781E+01  5.0674E-01  1.1936E+00  7.7251E+01  4.3000E+01
  2.5000E+01  7.6448E+01  5.0674E-01  1.1936E+00  7.7251E+01  4.3000E+01
  2.5000E+01  7.6448E+01  5.0674E-01  1.1936E+00  7.7251E+01  4.3000E+01
  2.5000E+01  7.6448E+01  5.0674E-01  1.1936E+00  7.7251E+01  4.3000E+01
  2.5000E+01  7.6448E+01  5.0674E-01  1.1936E+00  7.7251E+01  4.3000E+01
  2.6000E+01  5.9089E+01  4.2517E-01  7.0793E-01  1.0387E+02  5.0000E+01
  2.6000E+01  5.9089E+01  4.2517E-01  7.0793E-01  1.0387E+02  5.0000E+01
  2.6000E+01  5.9089E+01  4.2517E-01  7.0793E-01  1.0387E+02  5.0000E+01
  2.6000E+01  5.9089E+01  4.2517E-01  7.0793E-01  1.0387E+02  5.0000E+01
  2.6000E+01  5.9089E+01  3.8749E-01  7.7068E-01  9.3736E+01  5.0000E+01
  2.6000E+01  5.9089E+01  3.8749E-01  7.7068E-01  9.3736E+01  5.0000E+01
  2.6000E+01  5.9089E+01  4.2673E-01  7.8214E-01  9.2079E+01  5.0000E+01
  2.6000E+01  5.9089E+01  4.2867E-01  7.8586E-01  9.1553E+01  5.0000E+01
  2.6000E+01  5.9089E+01  4.2697E-01  8.4101E-01  8.4345E+01  5.0000E+01
  2.6000E+01  5.9089E+01  4.2141E-01  7.1051E-01  1.0342E+02  5.0000E+01
  2.6000E+01  5.8955E+01  4.2141E-01  7.1051E-01  1.0342E+02  5.0000E+01
  2.6000E+01  5.8814E+01  4.2141E-01  7.1051E-01  1.0342E+02  5.0000E+01
  2.6000E+01  5.8574E+01  4.2141E-01  7.1051E-01  1.0342E+02  5.0000E+01
  2.6000E+01  5.8557E+01  4.2141E-01  7.1051E-01  1.0342E+02  5.0000E+01
  2.6000E+01  5.8557E+01  3.9847E-01  9.4995E-01  7.2795E+01  5.0000E+01
  2.6000E+01  5.9094E+01  3.9847E-01  9.4995E-01  7.2795E+01  5.0000E+01
  2.6000E+01  5.9094E+01  4.2414E-01  9.6930E-01  7.1042E+01  5.0000E+01
  2.6000E+01  5.9094E+01  4.2786E-01  9.7437E-01  7.0595E+01  5.0000E+01
  2.6000E+01  5.9094E+01  4.2786E-01  9.7437E-01  7.0595E+01  5.0000E+01
  2.6000E+01  5.9094E+01  4.3807E-01  9.5122E-01  7.2678E+01  5.0000E+01
  2.6000E+01  5.9094E+01  4.1731E-01  8.7477E-01  8.0425E+01  5.0000E+01
  2.6000E+01  5.9094E+01  4.2217E-01  9.0933E-01  7.6745E+01  5.0000E+01
  2.6000E+01  5.9094E+01  3.9840E-01  9.8697E-01  6.9507E+01  5.0000E+01
  2.6000E+01  5.9647E+01  3.9840E-01  9.8697E-01  6.9507E+01  5.0000E+01
  2.6000E+01  5.8808E+01  3.9840E-01  9.8697E-01  6.9507E+01  5.0000E+01
  2.6000E+01  5.9230E+01  3.9840E-01  9.8697E-01  6.9507E+01  5.0000E+01
  2.6000E+01  5.9195E+01  3.9840E-01  9.8697E-01  6.9507E+01  5.0000E+01
  2.6000E+01  5.8647E+01  3.9840E-01  9.8697E-01  6.9507E+01  5.0000E+01
  2.6000E+01  5.8856E+01  3.9840E-01  9.8697E-01  6.9507E+01  5.0000E+01
  2.6000E+01  5.7997E+01  3.9840E-01  9.8697E-01  6.9507E+01  5.0000E+01
  2.6000E+01  5.9326E+01  3.9840E-01  9.8697E-01  6.9507E+01  5.0000E+01
  2.7000E+01  5.8909E+01  4.6327E-01  8.3405E-01  7.5232E+01  7.0000E+01
  2.7000E+01  5.8909E+01  4.6327E-01  8.3405E-01  7.5232E+01  7.0000E+01
  2.7000E+01  5.9275E+01  4.6327E-01  8.3405E-01  7.5232E+01  7.0000E+01
  2.7000E+01  5.9275E+01  4.8260E-01  8.2646E-01  7.6068E+01  7.0000E+01
  2.7000E+01  5.9275E+01  4.7283E-01  8.8160E-01  7.0354E+01  7.0000E+01
  2.7000E+01  5.9275E+01  4.7283E-01  8.8160E-01  7.0354E+01  7.0000E+01
  2.7000E+01  5.9275E+01  4.6468E-01  9.0238E-01  6.8400E+01  7.0000E+01
  2.7000E+01  5.9275E+01  4.7618E-01  8.8204E-01  7.0311E+01  7.0000E+01
  2.7000E+01  5.9275E+01  4.9092E-01  8.6680E-01  7.1809E+01  7.0000E+01
  2.7000E+01  5.9275E+01  4.8640E-01  8.0857E-01  7.8107E+01  7.0000E+01
  2.7000E+01  6.0092E+01  4.8640E-01  8.0857E-01  7.8107E+01  7.0000E+01
  2.7000E+01  5.8806E+01  4.8640E-01  8.0857E-01  7.8107E+01  7.0000E+01
  2.7000E+01  5.9141E+01  4.8640E-01  8.0857E-01  7.8107E+01  7.0000E+01
  2.7000E+01  5.8948E+01  4.8640E-01  8.0857E-01  7.8107E+01  7.0000E+01
  2.7000E+01  5.8948E+01  4.8640E-01  8.0857E-01  7.8107E+01  7.0000E+01
  2.7000E+01  5.8668E+01  4.8640E-01  8.0857E-01  7.8107E+01  7.0000E+01
  2.7000E+01  5.8668E+01  4.8433E-01  6.2293E-01  9.5633E+01  7.0000E+01
  2.7000E+01  5.8668E+01  4.5384E-01  6.9424E-01  9.3167E+01  7.0000E+01
  2.7000E+01  5.8668E+01  4.5384E-01  6.9424E-01  9.3167E+01  7.0000E+01
  2.7000E+01  5.8668E+01  4.5729E-01  7.4353E-01  8.6441E+01  7.0000E+01
  2.7000E+01  5.8668E+01  4.6845E-01  7.0042E-01  9.2915E+01  7.0000E+01
  2.7000E+01  5.8668E+01  4.8476E-01  7.0024E-01  9.2943E+01  7.0000E+01
  2.7000E+01  5.8668E+01  4.7155E-01  6.5069E-01  9.4633E+01  7.0000E+01
  2.7000E+01  5.8617E+01  4.7155E-01  6.5069E-01  9.4633E+01  7.0000E+01
  2.7000E+01  5.8815E+01  4.7155E-01  6.5069E-01  9.4633E+01  7.0000E+01
  2.7000E+01  5.8579E+01  4.7155E-01  6.5069E-01  9.4633E+01  7.0000E+01
  2.7000E+01  5.8904E+01  4.7155E-01  6.5069E-01  9.4633E+01  7.0000E+01
  2.7000E+01  5.8717E+01  4.7155E-01  6.5069E-01  9.4633E+01  7.0000E+01
  2.7000E+01  5.8717E+01  4.7155E-01  6.5069E-01  9.4633E+01  7.0000E+01
  2.7000E+01  5.8725E+01  4.7155E-01  6.5069E-01  9.4633E+01  7.0000E+01
  2.7000E+01  5.9468E+01  4.7155E-01  6.5069E-01  9.4633E+01  7.0000E+01
  2.8000E+01  6.3204E+01  5.2293E-01  7.7531E-01  8.1666E+01  7.1000E+01
  2.8000E+01  6.3204E+01  5.2293E-01  7.7531E-01  8.1666E+01  7.1000E+01
  2.8000E+01  6.3714E+01  5.2293E-01  7.7531E-01  8.1666E+01  7.1000E+01
  2.8000E+01  6.3714E+01  5.4372E-01  7.6918E-01  8.2455E+01  7.1000E+01
  2.8000E+01  6.3714E+01  5.3367E-01  7.5905E-01  8.3786E+01  7.1000E+01
  2.8000E+01  6.3714E+01  5.3367E-01  7.5905E-01  8.3786E+01  7.1000E+01
  2.8000E+01  6.3714E+01  5.3367E-01  7.5905E-01  8.3786E+01  7.1000E+01
  2.8000E+01  6.3714E+01  5.3099E-01  7.8875E-01  7.9988E+01  7.1000E+01
  2.8000E+01  6.3714E+01  5.3076E-01  7.9699E-01  7.8988E+01  7.1000E+01
  2.8000E+01  6.3714E+01  5.3174E-01  8.3810E-01  7.4329E+01  7.1000E+01
  2.8000E+01  6.3681E+01  5.3174E-01  8.3810E-01  7.4329E+01  7.1000E+01
  2.8000E+01  6.3009E+01  5.3174E-01  8.3810E-01  7.4329E+01  7.1000E+01
  2.8000E+01  6.3093E+01  5.3174E-01  8.3810E-01  7.4329E+01  7.1000E+01
  2.8000E+01  6.3093E+01  5.3174E-01  8.3810E-01  7.4329E+01  7.1000E+01
  2.8000E+01  6.3093E+01  5.4442E-01  6.1750E-01  9.5241E+01  7.1000E+01
  2.8000E+01  6.3936E+01  5.4442E-01  6.1750E-01  9.5241E+01  7.1000E+01
  2.8000E+01  6.3936E+01  5.2970E-01  6.8330E-01  9.2945E+01  7.1000E+01
  2.8000E+01  6.3936E+01  5.2684E-01  6.7956E-01  9.3068E+01  7.1000E+01
  2.8000E+01  6.3936E+01  5.2684E-01  6.7956E-01  9.3068E+01  7.1000E+01
  2.8000E+01  6.3936E+01  5.3152E-01  6.4697E-01  9.4177E+01  7.1000E+01
  2.8000E+01  6.3936E+01  5.4231E-01  6.4660E-01  9.4189E+01  7.1000E+01
  2.8000E+01  6.3936E+01  5.4231E-01  6.4660E-01  9.4189E+01  7.1000E+01
  2.8000E+01  6.3936E+01  5.2293E-01  6.3161E-01  9.4723E+01  7.1000E+01
  2.8000E+01  6.2570E+01  5.2293E-01  6.3161E-01  9.4723E+01  7.1000E+01
  2.8000E+01  6.3595E+01  5.2293E-01  6.3161E-01  9.4723E+01  7.1000E+01
  2.8000E+01  6.3528E+01  5.2293E-01  6.3161E-01  9.4723E+01  7.1000E+01
  2.8000E+01  6.3681E+01  5.2293E-01  6.3161E-01  9.4723E+01  7.1000E+01
  2.8000E+01  6.2847E+01  5.2293E-01  6.3161E-01  9.4723E+01  7.1000E+01
  2.8000E+01  6.2715E+01  5.2293E-01  6.3161E-01  9.4723E+01  7.1000E+01
  2.8000E+01  6.3690E+01  5.2293E-01  6.3161E-01  9.4723E+01  7.1000E+01
  2.8000E+01  6.3690E+01  5.2293E-01  6.3161E-01  9.4723E+01  7.1000E+01
  2.9000E+01  6.1603E+01  4.5169E-01  8.0757E-01  1.0684E+02  5.1000E+01
  2.9000E+01  6.1603E+01  4.5169E-01  8.0757E-01  1.0684E+02  5.1000E+01
  2.9000E+01  6.0939E+01  4.5169E-01  8.0757E-01  1.0684E+02  5.1000E+01
  2.9000E+01  6.0939E+01  4.7731E-01  7.5642E-01  1.0898E+02  5.1000E+01
  2.9000E+01  6.0939E+01  4.6717E-01  7.0700E-01  1.1122E+02  5.1000E+01
  2.9000E+01  6.0939E+01  4.6717E-01  7.0700E-01  1.1122E+02  5.1000E+01
  2.9000E+01  6.0939E+01  4.7971E-01  8.2367E-01  1.0621E+02  5.1000E+01
  2.9000E+01  6.0939E+01  4.8479E-01  7.9896E-01  1.0719E+02  5.1000E+01
  2.9000E+01  6.0939E+01  4.6741E-01  7.7506E-01  1.0818E+02  5.1000E+01
  2.9000E+01  6.0939E+01  4.7385E-01  7.0371E-01  1.1138E+02  5.1000E+01
  2.9000E+01  6.1612E+01  4.7385E-01  7.0371E-01  1.1138E+02  5.1000E+01
  2.9000E+01  6.2057E+01  4.7385E-01  7.0371E-01  1.1138E+02  5.1000E+01
  2.9000E+01  6.2412E+01  4.7385E-01  7.0371E-01  1.1138E+02  5.1000E+01
  2.9000E+01  6.1664E+01  4.7385E-01  7.0371E-01  1.1138E+02  5.1000E+01
  2.9000E+01  6.1664E+01  4.7385E-01  7.0371E-01  1.1138E+02  5.1000E+01
  2.9000E+01  6.1450E+01  4.7385E-01  7.0371E-01  1.1138E+02  5.1000E+01
  2.9000E+01  6.1450E+01  4.6967E-01  6.2494E-01  1.1544E+02  5.1000E+01
  2.9000E+01  6.1450E+01  4.6131E-01  6.0171E-01  1.1677E+02  5.1000E+01
  2.9000E+01  6.1450E+01  4.6131E-01  6.0171E-01  1.1677E+02  5.1000E+01
  2.9000E+01  6.1450E+01  4.8776E-01  6.4936E-01  1.1412E+02  5.1000E+01
  2.9000E+01  6.1450E+01  4.7107E-01  6.7959E-01  1.1256E+02  5.1000E+01
  2.9000E+01  6.1450E+01  4.6086E-01  6.5765E-01  1.1368E+02  5.1000E+01
  2.9000E+01  6.1450E+01  4.7606E-01  6.4830E-01  1.1417E+02  5.1000E+01
  2.9000E+01  6.1450E+01  4.7606E-01  6.4830E-01  1.1417E+02  5.1000E+01
  2.9000E+01  6.1546E+01  4.7606E-01  6.4830E-01  1.1417E+02  5.1000E+01
  2.9000E+01  6.2071E+01  4.7606E-01  6.4830E-01  1.1417E+02  5.1000E+01
  2.9000E+01  6.1161E+01  4.7606E-01  6.4830E-01  1.1417E+02  5.1000E+01
  2.9000E+01  6.1513E+01  4.7606E-01  6.4830E-01  1.1417E+02  5.1000E+01
  2.9000E+01  6.0515E+01  4.7606E-01  6.4830E-01  1.1417E+02  5.1000E+01
  2.9000E+01  6.1748E+01  4.7606E-01  6.4830E-01  1.1417E+02  5.1000E+01
  2.9000E+01  6.1908E+01  4.7606E-01  6.4830E-01  1.1417E+02  5.1000E+01
  3.0000E+01  7.8818E+01  5.0787E-01  9.1181E-01  9.1575E+01  6.8000E+01
  3.0000E+01  7.8818E+01  5.0787E-01  9.1181E-01  9.1575E+01  6.8000E+01
  3.0000E+01  7.8562E+01  5.0787E-01  9.1181E-01  9.1575E+01  6.8000E+01
  3.0000E+01  7.8562E+01  5.2052E-01  9.0040E-01  9.2979E+01  6.8000E+01
  3.0000E+01  7.8562E+01  5.2647E-01  9.4254E-01  8.7977E+01  6.8000E+01
  3.0000E+01  7.8562E+01  5.2647E-01  9.4254E-01  8.7977E+01  6.8000E+01
  3.0000E+01  7.8562E+01  5.1409E-01  1.0234E+00  7.9648E+01  6.8000E+01
  3.0000E+01  7.8562E+01  5.0931E-01  9.2234E-01  9.0312E+01  6.8000E+01
  3.0000E+01  7.8562E+01  5.1599E-01  9.0353E-01  9.2590E+01  6.8000E+01
  3.0000E+01  7.8562E+01  5.1599E-01  9.0353E-01  9.2590E+01  6.8000E+01
  3.0000E+01  7.8978E+01  5.1599E-01  9.0353E-01  9.2590E+01  6.8000E+01
  3.0000E+01  7.8591E+01  5.1599E-01  9.0353E-01  9.2590E+01  6.8000E+01
  3.0000E+01  7.8045E+01  5.1599E-01  9.0353E-01  9.2590E+01  6.8000E+01
  3.0000E+01  7.9163E+01  5.1599E-01  9.0353E-01  9.2590E+01  6.8000E+01
  3.0000E+01  7.9163E+01  5.2385E-01  1.1111E+00  7.2109E+01  6.8000E+01
  3.0000E+01  7.8582E+01  5.2385E-01  1.1111E+00  7.2109E+01  6.8000E+01
  3.0000E+01  7.8582E+01  5.1171E-01  1.1225E+00  7.1224E+01  6.8000E+01
  3.0000E+01  7.8582E+01  5.1644E-01  1.0860E+00  7.4132E+01  6.8000E+01
  3.0000E+01  7.8582E+01  5.1644E-01  1.0860E+00  7.4132E+01  6.8000E+01
  3.0000E+01  7.8582E+01  4.9512E-01  1.0029E+00  8.1613E+01  6.8000E+01
  3.0000E+01  7.8582E+01  5.1413E-01  1.1240E+00  7.1111E+01  6.8000E+01
  3.0000E+01  7.8582E+01  5.3473E-01  1.1630E+00  6.8238E+01  6.8000E+01
  3.0000E+01  7.8582E+01  5.1943E-01  1.1505E+00  6.9136E+01  6.8000E+01
  3.0000E+01  7.9612E+01  5.1943E-01  1.1505E+00  6.9136E+01  6.8000E+01
  3.0000E+01  7.9612E+01  5.1943E-01  1.1505E+00  6.9136E+01  6.8000E+01
  3.0000E+01  7.9141E+01  5.1943E-01  1.1505E+00  6.9136E+01  6.8000E+01
  3.0000E+01  7.8338E+01  5.1943E-01  1.1505E+00  6.9136E+01  6.8000E+01
  3.0000E+01  7.8448E+01  5.1943E-01  1.1505E+00  6.9136E+01  6.8000E+01
  3.0000E+01  7.9500E+01  5.1943E-01  1.1505E+00  6.9136E+01  6.8000E+01
  3.0000E+01  7.9500E+01  5.1943E-01  1.1505E+00  6.9136E+01  6.8000E+01
  3.0000E+01  7.8881E+01  5.1943E-01  1.1505E+00  6.9136E+01  6.8000E+01
  3.1000E+01  6.4356E+01  4.1630E-01  9.4484E-01  7.8460E+01  3.9000E+01
  3.1000E+01  6.4356E+01  4.1630E-01  9.4484E-01  7.8460E+01  3.9000E+01
  3.1000E+01  6.4361E+01  4.1630E-01  9.4484E-01  7.8460E+01  3.9000E+01
  3.1000E+01  6.4361E+01  4.4761E-01  9.4617E-01  7.8326E+01  3.9000E+01
  3.1000E+01  6.4361E+01  4.4740E-01  9.6348E-01  7.6628E+01  3.9000E+01
  3.1000E+01  6.4361E+01  4.4740E-01  9.6348E-01  7.6628E+01  3.9000E+01
  3.1000E+01  6.4361E+01  4.2087E-01  9.0104E-01  8.3094E+01  3.9000E+01
  3.1000E+01  6.4361E+01  4.3300E-01  9.5385E-01  7.7564E+01  3.9000E+01
  3.1000E+01  6.4361E+01  4.3047E-01  1.0140E+00  7.2038E+01  3.9000E+01
  3.1000E+01  6.4361E+01  4.3047E-01  1.0140E+00  7.2038E+01  3.9000E+01
  3.1000E+01  6.4294E+01  4.3047E-01  1.0140E+00  7.2038E+01  3.9000E+01
  3.1000E+01  6.5089E+01  4.3047E-01  1.0140E+00  7.2038E+01  3.9000E+01
  3.1000E+01  6.4335E+01  4.3047E-01  1.0140E+00  7.2038E+01  3.9000E+01
  3.1000E+01  6.4496E+01  4.3047E-01  1.0140E+00  7.2038E+01  3.9000E+01
  3.1000E+01  6.4496E+01  4.4335E-01  1.1292E+00  6.3247E+01  3.9000E+01
  3.1000E+01  6.5876E+01  4.4335E-01  1.1292E+00  6.3247E+01  3.9000E+01
  3.1000E+01  6.5876E+01  4.3441E-01  1.1871E+00  5.9541E+01  3.9000E+01
  3.1000E+01  6.5876E+01  4.3067E-01  1.0391E+00  6.9937E+01  3.9000E+01
  3.1000E+01  6.5876E+01  4.3067E-01  1.0391E+00  6.9937E+01  3.9000E+01
  3.1000E+01  6.5876E+01  4.4342E-01  1.0500E+00  6.9063E+01  3.9000E+01
  3.1000E+01  6.5876E+01  4.3296E-01  1.0554E+00  6.8638E+01  3.9000E+01
  3.1000E+01  6.5876E+01  4.4202E-01  1.0552E+00  6.8651E+01  3.9000E+01
  3.1000E+01  6.5876E+01  4.4224E-01  1.0921E+00  6.5857E+01  3.9000E+01
  3.1000E+01  6.4743E+01  4.4224E-01  1.0921E+00  6.5857E+01  3.9000E+01
  3.1000E+01  6.4739E+01  4.4224E-01  1.0921E+00  6.5857E+01  3.9000E+01
  3.1000E+01  6.4739E+01  4.4224E-01  1.0921E+00  6.5857E+01  3.9000E+01
  3.1000E+01  6.4739E+01  4.4224E-01  1.0921E+00  6.5857E+01  3.9000E+01
  3.1000E+01  6.4558E+01  4.4224E-01  1.0921E+00  6.5857E+01  3.9000E+01
  3.1000E+01  6.4558E+01  4.4224E-01  1.0921E+00  6.5857E+01  3.9000E+01
  3.1000E+01  6.2936E+01  4.4224E-01  1.0921E+00  6.5857E+01  3.9000E+01
  3.1000E+01  6.4861E+01  4.4224E-01  1.0921E+00  6.5857E+01  3.9000E+01
  3.2000E+01  5.8931E+01  5.0020E-01  9.9405E-01  6.5564E+01  5.8000E+01
  3.2000E+01  5.8931E+01  5.0020E-01  9.9405E-01  6.5564E+01  5.8000E+01
  3.2000E+01  5.9627E+01  5.0020E-01  9.9405E-01  6.5564E+01  5.8000E+01
  3.2000E+01  5.9627E+01  4.8776E-01  1.0651E+00  6.0312E+01  5.8000E+01
  3.2000E+01  5.9627E+01  4.9537E-01  9.6221E-01  6.8196E+01  5.8000E+01
  3.2000E+01  5.9627E+01  4.9537E-01  9.6221E-01  6.8196E+01  5.8000E+01
  3.2000E+01  5.9627E+01  4.9437E-01  1.0133E+00  6.4060E+01  5.8000E+01
  3.2000E+01  5.9627E+01  4.9437E-01  1.0133E+00  6.4060E+01  5.8000E+01
  3.2000E+01  5.9627E+01  4.9505E-01  9.8771E-01  6.6073E+01  5.8000E+01
  3.2000E+01  5.9627E+01  4.9505E-01  9.8771E-01  6.6073E+01  5.8000E+01
  3.2000E+01  5.8342E+01  4.9505E-01  9.8771E-01  6.6073E+01  5.8000E+01
  3.2000E+01  5.8164E+01  4.9505E-01  9.8771E-01  6.6073E+01  5.8000E+01
  3.2000E+01  5.8402E+01  4.9505E-01  9.8771E-01  6.6073E+01  5.8000E+01
  3.2000E+01  5.8874E+01  4.9505E-01  9.8771E-01  6.6073E+01  5.8000E+01
  3.2000E+01  5.8874E+01  4.8580E-01  1.0811E+00  5.9239E+01  5.8000E+01
  3.2000E+01  5.8421E+01  4.8580E-01  1.0811E+00  5.9239E+01  5.8000E+01
  3.2000E+01  5.8421E+01  5.0735E-01  1.1410E+00  5.5499E+01  5.8000E+01
  3.2000E+01  5.8421E+01  5.0063E-01  1.1202E+00  5.6749E+01  5.8000E+01
  3.2000E+01  5.8421E+01  5.0063E-01  1.1202E+00  5.6749E+01  5.8000E+01
  3.2000E+01  5.8421E+01  4.9791E-01  1.1848E+00  5.3028E+01  5.8000E+01
  3.2000E+01  5.8421E+01  4.9791E-01  1.1848E+00  5.3028E+01  5.8000E+01
  3.2000E+01  5.8421E+01  4.8216E-01  1.1400E+00  5.5556E+01  5.8000E+01
  3.2000E+01  5.8421E+01  4.8034E-01  1.1845E+00  5.3045E+01  5.8000E+01
  3.2000E+01  5.8917E+01  4.8034E-01  1.1845E+00  5.3045E+01  5.8000E+01
  3.2000E+01  5.9559E+01  4.8034E-01  1.1845E+00  5.3045E+01  5.8000E+01
  3.2000E+01  5.8718E+01  4.8034E-01  1.1845E+00  5.3045E+01  5.8000E+01
  3.2000E+01  5.9053E+01  4.8034E-01  1.1845E+00  5.3045E+01  5.8000E+01
  3.2000E+01  6.0068E+01  4.8034E-01  1.1845E+00  5.3045E+01  5.8000E+01
  3.2000E+01  5.9842E+01  4.8034E-01  1.1845E+00  5.3045E+01  5.8000E+01
  3.2000E+01  5.9920E+01  4.8034E-01  1.1845E+00  5.3045E+01  5.8000E+01
  3.2000E+01  5.8801E+01  4.8034E-01  1.1845E+00  5.3045E+01  5.8000E+01
  3.3000E+01  7.6707E+01  5.2087E-01  7.1837E-01  1.1779E+02  4.1000E+01
  3.3000E+01  7.6707E+01  5.2087E-01  7.1837E-01  1.1779E+02  4.1000E+01
  3.3000E+01  7.6707E+01  5.2087E-01  7.1837E-01  1.1779E+02  4.1000E+01
  3.3000E+01  7.6707E+01  5.2087E-01  7.1837E-01  1.1779E+02  4.1000E+01
  3.3000E+01  7.6707E+01  5.2649E-01  6.5252E-01  1.2126E+02  4.1000E+01
  3.3000E+01  7.6707E+01  5.2649E-01  6.5252E-01  1.2126E+02  4.1000E+01
  3.3000E+01  7.6707E+01  5.2098E-01  6.4596E-01  1.2163E+02  4.1000E+01
  3.3000E+01  7.6707E+01  5.3698E-01  6.4004E-01  1.2197E+02  4.1000E+01
  3.3000E+01  7.6707E+01  5.2803E-01  6.4503E-01  1.2168E+02  4.1000E+01
  3.3000E+01  7.6707E+01  5.3120E-01  6.2905E-01  1.2261E+02  4.1000E+01
  3.3000E+01  7.7027E+01  5.3120E-01  6.2905E-01  1.2261E+02  4.1000E+01
  3.3000E+01  7.6548E+01  5.3120E-01  6.2905E-01  1.2261E+02  4.1000E+01
  3.3000E+01  7.6851E+01  5.3120E-01  6.2905E-01  1.2261E+02  4.1000E+01
  3.3000E+01  7.6843E+01  5.3120E-01  6.2905E-01  1.2261E+02  4.1000E+01
  3.3000E+01  7.6843E+01  5.4814E-01  6.3272E-01  1.2239E+02  4.1000E+01
  3.3000E+01  7.6119E+01  5.4814E-01  6.3272E-01  1.2239E+02  4.1000E+01
  3.3000E+01  7.6119E+01  5.2817E-01  6.2355E-01  1.2294E+02  4.1000E+01
  3.3000E+01  7.6119E+01  5.4274E-01  6.0936E-01  1.2379E+02  4.1000E+01
  3.3000E+01  7.6119E+01  5.4274E-01  6.0936E-01  1.2379E+02  4.1000E+01
  3.3000E+01  7.6119E+01  5.4387E-01  6.3560E-01  1.2223E+02  4.1000E+01
  3.3000E+01  7.6119E+01  5.5042E-01  6.6564E-01  1.2053E+02  4.1000E+01
  3.3000E+01  7.6119E+01  5.2948E-01  6.2222E-01  1.2301E+02  4.1000E+01
  3.3000E+01  7.6119E+01  5.3559E-01  6.6565E-01  1.2053E+02  4.1000E+01
  3.3000E+01  7.6110E+01  5.3559E-01  6.6565E-01  1.2053E+02  4.1000E+01
  3.3000E+01  7.6111E+01  5.3559E-01  6.6565E-01  1.2053E+02  4.1000E+01
  3.3000E+01  7.7206E+01  5.3559E-01  6.6565E-01  1.2053E+02  4.1000E+01
  3.3000E+01  7.6306E+01  5.3559E-01  6.6565E-01  1.2053E+02  4.1000E+01
  3.3000E+01  7.6245E+01  5.3559E-01  6.6565E-01  1.2053E+02  4.1000E+01
  3.3000E+01  7.5764E+01  5.3559E-01  6.6565E-01  1.2053E+02  4.1000E+01
  3.3000E+01  7.6643E+01  5.3559E-01  6.6565E-01  1.2053E+02  4.1000E+01
  3.3000E+01  7.5955E+01  5.3559E-01  6.6565E-01  1.2053E+02  4.1000E+01
