TABLE NO.  2
 ID          CL          V1          V2          Q           K10         K12         K21
  1.0000E+00  6.8378E+00  3.6696E+01  4.9069E+01  2.0282E+01  1.8633E-01  5.5270E-01  4.1334E-01
  1.0000E+00  6.8378E+00  3.6696E+01  4.9069E+01  2.0282E+01  1.8633E-01  5.5270E-01  4.1334E-01
  1.0000E+00  6.8378E+00  3.6696E+01  4.9069E+01  2.0282E+01  1.8633E-01  5.5270E-01  4.1334E-01
  1.0000E+00  6.8378E+00  3.6696E+01  4.9069E+01  2.0282E+01  1.8633E-01  5.5270E-01  4.1334E-01
  1.0000E+00  6.8378E+00  3.6696E+01  4.9069E+01  2.0282E+01  1.8633E-01  5.5270E-01  4.1334E-01
  1.0000E+00  6.8378E+00  3.6696E+01  4.9069E+01  2.0282E+01  1.8633E-01  5.5270E-01  4.1334E-01
  1.0000E+00  6.8378E+00  3.6696E+01  4.9069E+01  2.0282E+01  1.8633E-01  5.5270E-01  4.1334E-01
  1.0000E+00  6.8378E+00  3.6696E+01  4.9069E+01  2.0282E+01  1.8633E-01  5.5270E-01  4.1334E-01
  1.0000E+00  6.8378E+00  3.6696E+01  4.9069E+01  2.0282E+01  1.8633E-01  5.5270E-01  4.1334E-01
  1.0000E+00  6.8378E+00  3.6696E+01  4.9069E+01  2.0282E+01  1.8633E-01  5.5270E-01  4.1334E-01
  1.0000E+00  6.8378E+00  3.6696E+01  4.9069E+01  2.0282E+01  1.8633E-01  5.5270E-01  4.1334E-01
  1.0000E+00  6.8378E+00  3.6696E+01  4.9069E+01  2.0282E+01  1.8633E-01  5.5270E-01  4.1334E-01
  1.0000E+00  6.8378E+00  3.6696E+01  4.9069E+01  2.0282E+01  1.8633E-01  5.5270E-01  4.1334E-01
  1.0000E+00  6.8378E+00  3.6696E+01  4.9069E+01  2.0282E+01  1.8633E-01  5.5270E-01  4.1334E-01
  1.0000E+00  6.8378E+00  3.6696E+01  4.9069E+01  2.0282E+01  1.8633E-01  5.5270E-01  4.1334E-01
  1.0000E+00  6.8378E+00  3.6696E+01  4.9069E+01  2.0282E+01  1.8633E-01  5.5270E-01  4.1334E-01
  1.0000E+00  6.8378E+00  3.6696E+01  4.9069E+01  2.0282E+01  1.8633E-01  5.5270E-01  4.1334E-01
  1.0000E+00  6.8378E+00  3.6696E+01  4.9069E+01  2.0282E+01  1.8633E-01  5.5270E-01  4.1334E-01
  1.0000E+00  6.8378E+00  3.6696E+01  4.9069E+01  2.0282E+01  1.8633E-01  5.5270E-01  4.1334E-01
  1.0000E+00  6.8378E+00  3.6696E+01  4.9069E+01  2.0282E+01  1.8633E-01  5.5270E-01  4.1334E-01
  1.0000E+00  6.8378E+00  3.6696E+01  4.9069E+01  2.0282E+01  1.8633E-01  5.5270E-01  4.1334E-01
  1.0000E+00  6.8378E+00  3.6696E+01  4.9069E+01  2.0282E+01  1.8633E-01  5.5270E-01  4.1334E-01
  1.0000E+00  6.8378E+00  3.6696E+01  4.9069E+01  2.0282E+01  1.8633E-01  5.5270E-01  4.1334E-01
  1.0000E+00  6.8378E+00  3.6696E+01  4.9069E+01  2.0282E+01  1.8633E-01  5.5270E-01  4.1334E-01
  1.0000E+00  6.8378E+00  3.6696E+01  4.9069E+01  2.0282E+01  1.8633E-01  5.5270E-01  4.1334E-01
  1.0000E+00  6.8378E+00  3.6696E+01  4.9069E+01  2.0282E+01  1.8633E-01  5.5270E-01  4.1334E-01
  1.0000E+00  6.8378E+00  3.6696E+01  4.9069E+01  2.0282E+01  1.8633E-01  5.5270E-01  4.1334E-01
  1.0000E+00  6.8378E+00  3.6696E+01  4.9069E+01  2.0282E+01  1.8633E-01  5.5270E-01  4.1334E-01
  1.0000E+00  6.8378E+00  3.6696E+01  4.9069E+01  2.0282E+01  1.8633E-01  5.5270E-01  4.1334E-01
  1.0000E+00  6.8378E+00  3.6696E+01  4.9069E+01  2.0282E+01  1.8633E-01  5.5270E-01  4.1334E-01
  1.0000E+00  6.8378E+00  3.6696E+01  4.9069E+01  2.0282E+01  1.8633E-01  5.5270E-01  4.1334E-01
  2.0000E+00  1.0392E+01  4.6859E+01  4.9069E+01  2.0282E+01  2.2177E-01  4.3284E-01  4.1334E-01
  2.0000E+00  1.0392E+01  4.6859E+01  4.9069E+01  2.0282E+01  2.2177E-01  4.3284E-01  4.1334E-01
  2.0000E+00  1.0392E+01  4.6859E+01  4.9069E+01  2.0282E+01  2.2177E-01  4.3284E-01  4.1334E-01
  2.0000E+00  1.0392E+01  4.6859E+01  4.9069E+01  2.0282E+01  2.2177E-01  4.3284E-01  4.1334E-01
  2.0000E+00  1.0392E+01  4.6859E+01  4.9069E+01  2.0282E+01  2.2177E-01  4.3284E-01  4.1334E-01
  2.0000E+00  1.0392E+01  4.6859E+01  4.9069E+01  2.0282E+01  2.2177E-01  4.3284E-01  4.1334E-01
  2.0000E+00  1.0392E+01  4.6859E+01  4.9069E+01  2.0282E+01  2.2177E-01  4.3284E-01  4.1334E-01
  2.0000E+00  1.0392E+01  4.6859E+01  4.9069E+01  2.0282E+01  2.2177E-01  4.3284E-01  4.1334E-01
  2.0000E+00  1.0392E+01  4.6859E+01  4.9069E+01  2.0282E+01  2.2177E-01  4.3284E-01  4.1334E-01
  2.0000E+00  1.0392E+01  4.6859E+01  4.9069E+01  2.0282E+01  2.2177E-01  4.3284E-01  4.1334E-01
  2.0000E+00  1.0392E+01  4.6859E+01  4.9069E+01  2.0282E+01  2.2177E-01  4.3284E-01  4.1334E-01
  2.0000E+00  1.0392E+01  4.6859E+01  4.9069E+01  2.0282E+01  2.2177E-01  4.3284E-01  4.1334E-01
  2.0000E+00  1.0392E+01  4.6859E+01  4.9069E+01  2.0282E+01  2.2177E-01  4.3284E-01  4.1334E-01
  2.0000E+00  1.0392E+01  4.6859E+01  4.9069E+01  2.0282E+01  2.2177E-01  4.3284E-01  4.1334E-01
  2.0000E+00  1.0392E+01  4.6859E+01  4.9069E+01  2.0282E+01  2.2177E-01  4.3284E-01  4.1334E-01
  2.0000E+00  1.0392E+01  4.6859E+01  4.9069E+01  2.0282E+01  2.2177E-01  4.3284E-01  4.1334E-01
  2.0000E+00  1.0392E+01  4.6859E+01  4.9069E+01  2.0282E+01  2.2177E-01  4.3284E-01  4.1334E-01
  2.0000E+00  1.0392E+01  4.6859E+01  4.9069E+01  2.0282E+01  2.2177E-01  4.3284E-01  4.1334E-01
  2.0000E+00  1.0392E+01  4.6859E+01  4.9069E+01  2.0282E+01  2.2177E-01  4.3284E-01  4.1334E-01
  2.0000E+00  1.0392E+01  4.6859E+01  4.9069E+01  2.0282E+01  2.2177E-01  4.3284E-01  4.1334E-01
  2.0000E+00  1.0392E+01  4.6859E+01  4.9069E+01  2.0282E+01  2.2177E-01  4.3284E-01  4.1334E-01
  2.0000E+00  1.0392E+01  4.6859E+01  4.9069E+01  2.0282E+01  2.2177E-01  4.3284E-01  4.1334E-01
  2.0000E+00  1.0392E+01  4.6859E+01  4.9069E+01  2.0282E+01  2.2177E-01  4.3284E-01  4.1334E-01
  2.0000E+00  1.0392E+01  4.6859E+01  4.9069E+01  2.0282E+01  2.2177E-01  4.3284E-01  4.1334E-01
  2.0000E+00  1.0392E+01  4.6859E+01  4.9069E+01  2.0282E+01  2.2177E-01  4.3284E-01  4.1334E-01
  2.0000E+00  1.0392E+01  4.6859E+01  4.9069E+01  2.0282E+01  2.2177E-01  4.3284E-01  4.1334E-01
  2.0000E+00  1.0392E+01  4.6859E+01  4.9069E+01  2.0282E+01  2.2177E-01  4.3284E-01  4.1334E-01
  2.0000E+00  1.0392E+01  4.6859E+01  4.9069E+01  2.0282E+01  2.2177E-01  4.3284E-01  4.1334E-01
  2.0000E+00  1.0392E+01  4.6859E+01  4.9069E+01  2.0282E+01  2.2177E-01  4.3284E-01  4.1334E-01
  2.0000E+00  1.0392E+01  4.6859E+01  4.9069E+01  2.0282E+01  2.2177E-01  4.3284E-01  4.1334E-01
  2.0000E+00  1.0392E+01  4.6859E+01  4.9069E+01  2.0282E+01  2.2177E-01  4.3284E-01  4.1334E-01
  3.0000E+00  7.1076E+00  5.9233E+01  4.9069E+01  2.0282E+01  1.1999E-01  3.4241E-01  4.1334E-01
  3.0000E+00  7.1076E+00  5.9233E+01  4.9069E+01  2.0282E+01  1.1999E-01  3.4241E-01  4.1334E-01
  3.0000E+00  7.1076E+00  5.9233E+01  4.9069E+01  2.0282E+01  1.1999E-01  3.4241E-01  4.1334E-01
  3.0000E+00  7.1076E+00  5.9233E+01  4.9069E+01  2.0282E+01  1.1999E-01  3.4241E-01  4.1334E-01
  3.0000E+00  7.1076E+00  5.9233E+01  4.9069E+01  2.0282E+01  1.1999E-01  3.4241E-01  4.1334E-01
  3.0000E+00  7.1076E+00  5.9233E+01  4.9069E+01  2.0282E+01  1.1999E-01  3.4241E-01  4.1334E-01
  3.0000E+00  7.1076E+00  5.9233E+01  4.9069E+01  2.0282E+01  1.1999E-01  3.4241E-01  4.1334E-01
  3.0000E+00  7.1076E+00  5.9233E+01  4.9069E+01  2.0282E+01  1.1999E-01  3.4241E-01  4.1334E-01
  3.0000E+00  7.1076E+00  5.9233E+01  4.9069E+01  2.0282E+01  1.1999E-01  3.4241E-01  4.1334E-01
  3.0000E+00  7.1076E+00  5.9233E+01  4.9069E+01  2.0282E+01  1.1999E-01  3.4241E-01  4.1334E-01
  3.0000E+00  7.1076E+00  5.9233E+01  4.9069E+01  2.0282E+01  1.1999E-01  3.4241E-01  4.1334E-01
  3.0000E+00  7.1076E+00  5.9233E+01  4.9069E+01  2.0282E+01  1.1999E-01  3.4241E-01  4.1334E-01
  3.0000E+00  7.1076E+00  5.9233E+01  4.9069E+01  2.0282E+01  1.1999E-01  3.4241E-01  4.1334E-01
  3.0000E+00  7.1076E+00  5.9233E+01  4.9069E+01  2.0282E+01  1.1999E-01  3.4241E-01  4.1334E-01
  3.0000E+00  7.1076E+00  5.9233E+01  4.9069E+01  2.0282E+01  1.1999E-01  3.4241E-01  4.1334E-01
  3.0000E+00  7.1076E+00  5.9233E+01  4.9069E+01  2.0282E+01  1.1999E-01  3.4241E-01  4.1334E-01
  3.0000E+00  7.1076E+00  5.9233E+01  4.9069E+01  2.0282E+01  1.1999E-01  3.4241E-01  4.1334E-01
  3.0000E+00  7.1076E+00  5.9233E+01  4.9069E+01  2.0282E+01  1.1999E-01  3.4241E-01  4.1334E-01
  3.0000E+00  7.1076E+00  5.9233E+01  4.9069E+01  2.0282E+01  1.1999E-01  3.4241E-01  4.1334E-01
  3.0000E+00  7.1076E+00  5.9233E+01  4.9069E+01  2.0282E+01  1.1999E-01  3.4241E-01  4.1334E-01
  3.0000E+00  7.1076E+00  5.9233E+01  4.9069E+01  2.0282E+01  1.1999E-01  3.4241E-01  4.1334E-01
  3.0000E+00  7.1076E+00  5.9233E+01  4.9069E+01  2.0282E+01  1.1999E-01  3.4241E-01  4.1334E-01
  3.0000E+00  7.1076E+00  5.9233E+01  4.9069E+01  2.0282E+01  1.1999E-01  3.4241E-01  4.1334E-01
  3.0000E+00  7.1076E+00  5.9233E+01  4.9069E+01  2.0282E+01  1.1999E-01  3.4241E-01  4.1334E-01
  3.0000E+00  7.1076E+00  5.9233E+01  4.9069E+01  2.0282E+01  1.1999E-01  3.4241E-01  4.1334E-01
  3.0000E+00  7.1076E+00  5.9233E+01  4.9069E+01  2.0282E+01  1.1999E-01  3.4241E-01  4.1334E-01
  3.0000E+00  7.1076E+00  5.9233E+01  4.9069E+01  2.0282E+01  1.1999E-01  3.4241E-01  4.1334E-01
  3.0000E+00  7.1076E+00  5.9233E+01  4.9069E+01  2.0282E+01  1.1999E-01  3.4241E-01  4.1334E-01
  3.0000E+00  7.1076E+00  5.9233E+01  4.9069E+01  2.0282E+01  1.1999E-01  3.4241E-01  4.1334E-01
  3.0000E+00  7.1076E+00  5.9233E+01  4.9069E+01  2.0282E+01  1.1999E-01  3.4241E-01  4.1334E-01
  3.0000E+00  7.1076E+00  5.9233E+01  4.9069E+01  2.0282E+01  1.1999E-01  3.4241E-01  4.1334E-01
  4.0000E+00  4.5272E+00  3.5147E+01  4.9069E+01  2.0282E+01  1.2881E-01  5.7706E-01  4.1334E-01
  4.0000E+00  4.5272E+00  3.5147E+01  4.9069E+01  2.0282E+01  1.2881E-01  5.7706E-01  4.1334E-01
  4.0000E+00  4.5272E+00  3.5147E+01  4.9069E+01  2.0282E+01  1.2881E-01  5.7706E-01  4.1334E-01
  4.0000E+00  4.5272E+00  3.5147E+01  4.9069E+01  2.0282E+01  1.2881E-01  5.7706E-01  4.1334E-01
  4.0000E+00  4.5272E+00  3.5147E+01  4.9069E+01  2.0282E+01  1.2881E-01  5.7706E-01  4.1334E-01
  4.0000E+00  4.5272E+00  3.5147E+01  4.9069E+01  2.0282E+01  1.2881E-01  5.7706E-01  4.1334E-01
  4.0000E+00  4.5272E+00  3.5147E+01  4.9069E+01  2.0282E+01  1.2881E-01  5.7706E-01  4.1334E-01
  4.0000E+00  4.5272E+00  3.5147E+01  4.9069E+01  2.0282E+01  1.2881E-01  5.7706E-01  4.1334E-01
  4.0000E+00  4.5272E+00  3.5147E+01  4.9069E+01  2.0282E+01  1.2881E-01  5.7706E-01  4.1334E-01
  4.0000E+00  4.5272E+00  3.5147E+01  4.9069E+01  2.0282E+01  1.2881E-01  5.7706E-01  4.1334E-01
  4.0000E+00  4.5272E+00  3.5147E+01  4.9069E+01  2.0282E+01  1.2881E-01  5.7706E-01  4.1334E-01
  4.0000E+00  4.5272E+00  3.5147E+01  4.9069E+01  2.0282E+01  1.2881E-01  5.7706E-01  4.1334E-01
  4.0000E+00  4.5272E+00  3.5147E+01  4.9069E+01  2.0282E+01  1.2881E-01  5.7706E-01  4.1334E-01
  4.0000E+00  4.5272E+00  3.5147E+01  4.9069E+01  2.0282E+01  1.2881E-01  5.7706E-01  4.1334E-01
  4.0000E+00  4.5272E+00  3.5147E+01  4.9069E+01  2.0282E+01  1.2881E-01  5.7706E-01  4.1334E-01
  4.0000E+00  4.5272E+00  3.5147E+01  4.9069E+01  2.0282E+01  1.2881E-01  5.7706E-01  4.1334E-01
  4.0000E+00  4.5272E+00  3.5147E+01  4.9069E+01  2.0282E+01  1.2881E-01  5.7706E-01  4.1334E-01
  4.0000E+00  4.5272E+00  3.5147E+01  4.9069E+01  2.0282E+01  1.2881E-01  5.7706E-01  4.1334E-01
  4.0000E+00  4.5272E+00  3.5147E+01  4.9069E+01  2.0282E+01  1.2881E-01  5.7706E-01  4.1334E-01
  4.0000E+00  4.5272E+00  3.5147E+01  4.9069E+01  2.0282E+01  1.2881E-01  5.7706E-01  4.1334E-01
  4.0000E+00  4.5272E+00  3.5147E+01  4.9069E+01  2.0282E+01  1.2881E-01  5.7706E-01  4.1334E-01
  4.0000E+00  4.5272E+00  3.5147E+01  4.9069E+01  2.0282E+01  1.2881E-01  5.7706E-01  4.1334E-01
  4.0000E+00  4.5272E+00  3.5147E+01  4.9069E+01  2.0282E+01  1.2881E-01  5.7706E-01  4.1334E-01
  4.0000E+00  4.5272E+00  3.5147E+01  4.9069E+01  2.0282E+01  1.2881E-01  5.7706E-01  4.1334E-01
  4.0000E+00  4.5272E+00  3.5147E+01  4.9069E+01  2.0282E+01  1.2881E-01  5.7706E-01  4.1334E-01
  4.0000E+00  4.5272E+00  3.5147E+01  4.9069E+01  2.0282E+01  1.2881E-01  5.7706E-01  4.1334E-01
  4.0000E+00  4.5272E+00  3.5147E+01  4.9069E+01  2.0282E+01  1.2881E-01  5.7706E-01  4.1334E-01
  4.0000E+00  4.5272E+00  3.5147E+01  4.9069E+01  2.0282E+01  1.2881E-01  5.7706E-01  4.1334E-01
  4.0000E+00  4.5272E+00  3.5147E+01  4.9069E+01  2.0282E+01  1.2881E-01  5.7706E-01  4.1334E-01
  4.0000E+00  4.5272E+00  3.5147E+01  4.9069E+01  2.0282E+01  1.2881E-01  5.7706E-01  4.1334E-01
  4.0000E+00  4.5272E+00  3.5147E+01  4.9069E+01  2.0282E+01  1.2881E-01  5.7706E-01  4.1334E-01
  5.0000E+00  6.8500E+00  1.3300E+02  4.9069E+01  2.0282E+01  5.1502E-02  1.5249E-01  4.1334E-01
  5.0000E+00  6.8500E+00  1.3300E+02  4.9069E+01  2.0282E+01  5.1502E-02  1.5249E-01  4.1334E-01
  5.0000E+00  6.8500E+00  1.3300E+02  4.9069E+01  2.0282E+01  5.1502E-02  1.5249E-01  4.1334E-01
  5.0000E+00  6.8500E+00  1.3300E+02  4.9069E+01  2.0282E+01  5.1502E-02  1.5249E-01  4.1334E-01
  5.0000E+00  6.8500E+00  1.3300E+02  4.9069E+01  2.0282E+01  5.1502E-02  1.5249E-01  4.1334E-01
  5.0000E+00  6.8500E+00  1.3300E+02  4.9069E+01  2.0282E+01  5.1502E-02  1.5249E-01  4.1334E-01
  5.0000E+00  6.8500E+00  1.3300E+02  4.9069E+01  2.0282E+01  5.1502E-02  1.5249E-01  4.1334E-01
  5.0000E+00  6.8500E+00  1.3300E+02  4.9069E+01  2.0282E+01  5.1502E-02  1.5249E-01  4.1334E-01
  5.0000E+00  6.8500E+00  1.3300E+02  4.9069E+01  2.0282E+01  5.1502E-02  1.5249E-01  4.1334E-01
  5.0000E+00  6.8500E+00  1.3300E+02  4.9069E+01  2.0282E+01  5.1502E-02  1.5249E-01  4.1334E-01
  5.0000E+00  6.8500E+00  1.3300E+02  4.9069E+01  2.0282E+01  5.1502E-02  1.5249E-01  4.1334E-01
  5.0000E+00  6.8500E+00  1.3300E+02  4.9069E+01  2.0282E+01  5.1502E-02  1.5249E-01  4.1334E-01
  5.0000E+00  6.8500E+00  1.3300E+02  4.9069E+01  2.0282E+01  5.1502E-02  1.5249E-01  4.1334E-01
  5.0000E+00  6.8500E+00  1.3300E+02  4.9069E+01  2.0282E+01  5.1502E-02  1.5249E-01  4.1334E-01
  5.0000E+00  6.8500E+00  1.3300E+02  4.9069E+01  2.0282E+01  5.1502E-02  1.5249E-01  4.1334E-01
  5.0000E+00  6.8500E+00  1.3300E+02  4.9069E+01  2.0282E+01  5.1502E-02  1.5249E-01  4.1334E-01
  5.0000E+00  6.8500E+00  1.3300E+02  4.9069E+01  2.0282E+01  5.1502E-02  1.5249E-01  4.1334E-01
  5.0000E+00  6.8500E+00  1.3300E+02  4.9069E+01  2.0282E+01  5.1502E-02  1.5249E-01  4.1334E-01
  5.0000E+00  6.8500E+00  1.3300E+02  4.9069E+01  2.0282E+01  5.1502E-02  1.5249E-01  4.1334E-01
  5.0000E+00  6.8500E+00  1.3300E+02  4.9069E+01  2.0282E+01  5.1502E-02  1.5249E-01  4.1334E-01
  5.0000E+00  6.8500E+00  1.3300E+02  4.9069E+01  2.0282E+01  5.1502E-02  1.5249E-01  4.1334E-01
  5.0000E+00  6.8500E+00  1.3300E+02  4.9069E+01  2.0282E+01  5.1502E-02  1.5249E-01  4.1334E-01
  5.0000E+00  6.8500E+00  1.3300E+02  4.9069E+01  2.0282E+01  5.1502E-02  1.5249E-01  4.1334E-01
  5.0000E+00  6.8500E+00  1.3300E+02  4.9069E+01  2.0282E+01  5.1502E-02  1.5249E-01  4.1334E-01
  5.0000E+00  6.8500E+00  1.3300E+02  4.9069E+01  2.0282E+01  5.1502E-02  1.5249E-01  4.1334E-01
  5.0000E+00  6.8500E+00  1.3300E+02  4.9069E+01  2.0282E+01  5.1502E-02  1.5249E-01  4.1334E-01
  5.0000E+00  6.8500E+00  1.3300E+02  4.9069E+01  2.0282E+01  5.1502E-02  1.5249E-01  4.1334E-01
  5.0000E+00  6.8500E+00  1.3300E+02  4.9069E+01  2.0282E+01  5.1502E-02  1.5249E-01  4.1334E-01
  5.0000E+00  6.8500E+00  1.3300E+02  4.9069E+01  2.0282E+01  5.1502E-02  1.5249E-01  4.1334E-01
  5.0000E+00  6.8500E+00  1.3300E+02  4.9069E+01  2.0282E+01  5.1502E-02  1.5249E-01  4.1334E-01
  5.0000E+00  6.8500E+00  1.3300E+02  4.9069E+01  2.0282E+01  5.1502E-02  1.5249E-01  4.1334E-01
  6.0000E+00  8.1017E+00  8.5181E+01  4.9069E+01  2.0282E+01  9.5112E-02  2.3811E-01  4.1334E-01
  6.0000E+00  8.1017E+00  8.5181E+01  4.9069E+01  2.0282E+01  9.5112E-02  2.3811E-01  4.1334E-01
  6.0000E+00  8.1017E+00  8.5181E+01  4.9069E+01  2.0282E+01  9.5112E-02  2.3811E-01  4.1334E-01
  6.0000E+00  8.1017E+00  8.5181E+01  4.9069E+01  2.0282E+01  9.5112E-02  2.3811E-01  4.1334E-01
  6.0000E+00  8.1017E+00  8.5181E+01  4.9069E+01  2.0282E+01  9.5112E-02  2.3811E-01  4.1334E-01
  6.0000E+00  8.1017E+00  8.5181E+01  4.9069E+01  2.0282E+01  9.5112E-02  2.3811E-01  4.1334E-01
  6.0000E+00  8.1017E+00  8.5181E+01  4.9069E+01  2.0282E+01  9.5112E-02  2.3811E-01  4.1334E-01
  6.0000E+00  8.1017E+00  8.5181E+01  4.9069E+01  2.0282E+01  9.5112E-02  2.3811E-01  4.1334E-01
  6.0000E+00  8.1017E+00  8.5181E+01  4.9069E+01  2.0282E+01  9.5112E-02  2.3811E-01  4.1334E-01
  6.0000E+00  8.1017E+00  8.5181E+01  4.9069E+01  2.0282E+01  9.5112E-02  2.3811E-01  4.1334E-01
  6.0000E+00  8.1017E+00  8.5181E+01  4.9069E+01  2.0282E+01  9.5112E-02  2.3811E-01  4.1334E-01
  6.0000E+00  8.1017E+00  8.5181E+01  4.9069E+01  2.0282E+01  9.5112E-02  2.3811E-01  4.1334E-01
  6.0000E+00  8.1017E+00  8.5181E+01  4.9069E+01  2.0282E+01  9.5112E-02  2.3811E-01  4.1334E-01
  6.0000E+00  8.1017E+00  8.5181E+01  4.9069E+01  2.0282E+01  9.5112E-02  2.3811E-01  4.1334E-01
  6.0000E+00  8.1017E+00  8.5181E+01  4.9069E+01  2.0282E+01  9.5112E-02  2.3811E-01  4.1334E-01
  6.0000E+00  8.1017E+00  8.5181E+01  4.9069E+01  2.0282E+01  9.5112E-02  2.3811E-01  4.1334E-01
  6.0000E+00  8.1017E+00  8.5181E+01  4.9069E+01  2.0282E+01  9.5112E-02  2.3811E-01  4.1334E-01
  6.0000E+00  8.1017E+00  8.5181E+01  4.9069E+01  2.0282E+01  9.5112E-02  2.3811E-01  4.1334E-01
  6.0000E+00  8.1017E+00  8.5181E+01  4.9069E+01  2.0282E+01  9.5112E-02  2.3811E-01  4.1334E-01
  6.0000E+00  8.1017E+00  8.5181E+01  4.9069E+01  2.0282E+01  9.5112E-02  2.3811E-01  4.1334E-01
  6.0000E+00  8.1017E+00  8.5181E+01  4.9069E+01  2.0282E+01  9.5112E-02  2.3811E-01  4.1334E-01
  6.0000E+00  8.1017E+00  8.5181E+01  4.9069E+01  2.0282E+01  9.5112E-02  2.3811E-01  4.1334E-01
  6.0000E+00  8.1017E+00  8.5181E+01  4.9069E+01  2.0282E+01  9.5112E-02  2.3811E-01  4.1334E-01
  6.0000E+00  8.1017E+00  8.5181E+01  4.9069E+01  2.0282E+01  9.5112E-02  2.3811E-01  4.1334E-01
  6.0000E+00  8.1017E+00  8.5181E+01  4.9069E+01  2.0282E+01  9.5112E-02  2.3811E-01  4.1334E-01
  6.0000E+00  8.1017E+00  8.5181E+01  4.9069E+01  2.0282E+01  9.5112E-02  2.3811E-01  4.1334E-01
  6.0000E+00  8.1017E+00  8.5181E+01  4.9069E+01  2.0282E+01  9.5112E-02  2.3811E-01  4.1334E-01
  6.0000E+00  8.1017E+00  8.5181E+01  4.9069E+01  2.0282E+01  9.5112E-02  2.3811E-01  4.1334E-01
  6.0000E+00  8.1017E+00  8.5181E+01  4.9069E+01  2.0282E+01  9.5112E-02  2.3811E-01  4.1334E-01
  6.0000E+00  8.1017E+00  8.5181E+01  4.9069E+01  2.0282E+01  9.5112E-02  2.3811E-01  4.1334E-01
  6.0000E+00  8.1017E+00  8.5181E+01  4.9069E+01  2.0282E+01  9.5112E-02  2.3811E-01  4.1334E-01
  7.0000E+00  1.6373E+01  8.5948E+01  4.9069E+01  2.0282E+01  1.9050E-01  2.3598E-01  4.1334E-01
  7.0000E+00  1.6373E+01  8.5948E+01  4.9069E+01  2.0282E+01  1.9050E-01  2.3598E-01  4.1334E-01
  7.0000E+00  1.6373E+01  8.5948E+01  4.9069E+01  2.0282E+01  1.9050E-01  2.3598E-01  4.1334E-01
  7.0000E+00  1.6373E+01  8.5948E+01  4.9069E+01  2.0282E+01  1.9050E-01  2.3598E-01  4.1334E-01
  7.0000E+00  1.6373E+01  8.5948E+01  4.9069E+01  2.0282E+01  1.9050E-01  2.3598E-01  4.1334E-01
  7.0000E+00  1.6373E+01  8.5948E+01  4.9069E+01  2.0282E+01  1.9050E-01  2.3598E-01  4.1334E-01
  7.0000E+00  1.6373E+01  8.5948E+01  4.9069E+01  2.0282E+01  1.9050E-01  2.3598E-01  4.1334E-01
  7.0000E+00  1.6373E+01  8.5948E+01  4.9069E+01  2.0282E+01  1.9050E-01  2.3598E-01  4.1334E-01
  7.0000E+00  1.6373E+01  8.5948E+01  4.9069E+01  2.0282E+01  1.9050E-01  2.3598E-01  4.1334E-01
  7.0000E+00  1.6373E+01  8.5948E+01  4.9069E+01  2.0282E+01  1.9050E-01  2.3598E-01  4.1334E-01
  7.0000E+00  1.6373E+01  8.5948E+01  4.9069E+01  2.0282E+01  1.9050E-01  2.3598E-01  4.1334E-01
  7.0000E+00  1.6373E+01  8.5948E+01  4.9069E+01  2.0282E+01  1.9050E-01  2.3598E-01  4.1334E-01
  7.0000E+00  1.6373E+01  8.5948E+01  4.9069E+01  2.0282E+01  1.9050E-01  2.3598E-01  4.1334E-01
  7.0000E+00  1.6373E+01  8.5948E+01  4.9069E+01  2.0282E+01  1.9050E-01  2.3598E-01  4.1334E-01
  7.0000E+00  1.6373E+01  8.5948E+01  4.9069E+01  2.0282E+01  1.9050E-01  2.3598E-01  4.1334E-01
  7.0000E+00  1.6373E+01  8.5948E+01  4.9069E+01  2.0282E+01  1.9050E-01  2.3598E-01  4.1334E-01
  7.0000E+00  1.6373E+01  8.5948E+01  4.9069E+01  2.0282E+01  1.9050E-01  2.3598E-01  4.1334E-01
  7.0000E+00  1.6373E+01  8.5948E+01  4.9069E+01  2.0282E+01  1.9050E-01  2.3598E-01  4.1334E-01
  7.0000E+00  1.6373E+01  8.5948E+01  4.9069E+01  2.0282E+01  1.9050E-01  2.3598E-01  4.1334E-01
  7.0000E+00  1.6373E+01  8.5948E+01  4.9069E+01  2.0282E+01  1.9050E-01  2.3598E-01  4.1334E-01
  7.0000E+00  1.6373E+01  8.5948E+01  4.9069E+01  2.0282E+01  1.9050E-01  2.3598E-01  4.1334E-01
  7.0000E+00  1.6373E+01  8.5948E+01  4.9069E+01  2.0282E+01  1.9050E-01  2.3598E-01  4.1334E-01
  7.0000E+00  1.6373E+01  8.5948E+01  4.9069E+01  2.0282E+01  1.9050E-01  2.3598E-01  4.1334E-01
  7.0000E+00  1.6373E+01  8.5948E+01  4.9069E+01  2.0282E+01  1.9050E-01  2.3598E-01  4.1334E-01
  7.0000E+00  1.6373E+01  8.5948E+01  4.9069E+01  2.0282E+01  1.9050E-01  2.3598E-01  4.1334E-01
  7.0000E+00  1.6373E+01  8.5948E+01  4.9069E+01  2.0282E+01  1.9050E-01  2.3598E-01  4.1334E-01
  7.0000E+00  1.6373E+01  8.5948E+01  4.9069E+01  2.0282E+01  1.9050E-01  2.3598E-01  4.1334E-01
  7.0000E+00  1.6373E+01  8.5948E+01  4.9069E+01  2.0282E+01  1.9050E-01  2.3598E-01  4.1334E-01
  7.0000E+00  1.6373E+01  8.5948E+01  4.9069E+01  2.0282E+01  1.9050E-01  2.3598E-01  4.1334E-01
  7.0000E+00  1.6373E+01  8.5948E+01  4.9069E+01  2.0282E+01  1.9050E-01  2.3598E-01  4.1334E-01
  7.0000E+00  1.6373E+01  8.5948E+01  4.9069E+01  2.0282E+01  1.9050E-01  2.3598E-01  4.1334E-01
  8.0000E+00  8.7686E+00  3.8708E+01  4.9069E+01  2.0282E+01  2.2653E-01  5.2398E-01  4.1334E-01
  8.0000E+00  8.7686E+00  3.8708E+01  4.9069E+01  2.0282E+01  2.2653E-01  5.2398E-01  4.1334E-01
  8.0000E+00  8.7686E+00  3.8708E+01  4.9069E+01  2.0282E+01  2.2653E-01  5.2398E-01  4.1334E-01
  8.0000E+00  8.7686E+00  3.8708E+01  4.9069E+01  2.0282E+01  2.2653E-01  5.2398E-01  4.1334E-01
  8.0000E+00  8.7686E+00  3.8708E+01  4.9069E+01  2.0282E+01  2.2653E-01  5.2398E-01  4.1334E-01
  8.0000E+00  8.7686E+00  3.8708E+01  4.9069E+01  2.0282E+01  2.2653E-01  5.2398E-01  4.1334E-01
  8.0000E+00  8.7686E+00  3.8708E+01  4.9069E+01  2.0282E+01  2.2653E-01  5.2398E-01  4.1334E-01
  8.0000E+00  8.7686E+00  3.8708E+01  4.9069E+01  2.0282E+01  2.2653E-01  5.2398E-01  4.1334E-01
  8.0000E+00  8.7686E+00  3.8708E+01  4.9069E+01  2.0282E+01  2.2653E-01  5.2398E-01  4.1334E-01
  8.0000E+00  8.7686E+00  3.8708E+01  4.9069E+01  2.0282E+01  2.2653E-01  5.2398E-01  4.1334E-01
  8.0000E+00  8.7686E+00  3.8708E+01  4.9069E+01  2.0282E+01  2.2653E-01  5.2398E-01  4.1334E-01
  8.0000E+00  8.7686E+00  3.8708E+01  4.9069E+01  2.0282E+01  2.2653E-01  5.2398E-01  4.1334E-01
  8.0000E+00  8.7686E+00  3.8708E+01  4.9069E+01  2.0282E+01  2.2653E-01  5.2398E-01  4.1334E-01
  8.0000E+00  8.7686E+00  3.8708E+01  4.9069E+01  2.0282E+01  2.2653E-01  5.2398E-01  4.1334E-01
  8.0000E+00  8.7686E+00  3.8708E+01  4.9069E+01  2.0282E+01  2.2653E-01  5.2398E-01  4.1334E-01
  8.0000E+00  8.7686E+00  3.8708E+01  4.9069E+01  2.0282E+01  2.2653E-01  5.2398E-01  4.1334E-01
  8.0000E+00  8.7686E+00  3.8708E+01  4.9069E+01  2.0282E+01  2.2653E-01  5.2398E-01  4.1334E-01
  8.0000E+00  8.7686E+00  3.8708E+01  4.9069E+01  2.0282E+01  2.2653E-01  5.2398E-01  4.1334E-01
  8.0000E+00  8.7686E+00  3.8708E+01  4.9069E+01  2.0282E+01  2.2653E-01  5.2398E-01  4.1334E-01
  8.0000E+00  8.7686E+00  3.8708E+01  4.9069E+01  2.0282E+01  2.2653E-01  5.2398E-01  4.1334E-01
  8.0000E+00  8.7686E+00  3.8708E+01  4.9069E+01  2.0282E+01  2.2653E-01  5.2398E-01  4.1334E-01
  8.0000E+00  8.7686E+00  3.8708E+01  4.9069E+01  2.0282E+01  2.2653E-01  5.2398E-01  4.1334E-01
  8.0000E+00  8.7686E+00  3.8708E+01  4.9069E+01  2.0282E+01  2.2653E-01  5.2398E-01  4.1334E-01
  8.0000E+00  8.7686E+00  3.8708E+01  4.9069E+01  2.0282E+01  2.2653E-01  5.2398E-01  4.1334E-01
  8.0000E+00  8.7686E+00  3.8708E+01  4.9069E+01  2.0282E+01  2.2653E-01  5.2398E-01  4.1334E-01
  8.0000E+00  8.7686E+00  3.8708E+01  4.9069E+01  2.0282E+01  2.2653E-01  5.2398E-01  4.1334E-01
  8.0000E+00  8.7686E+00  3.8708E+01  4.9069E+01  2.0282E+01  2.2653E-01  5.2398E-01  4.1334E-01
  8.0000E+00  8.7686E+00  3.8708E+01  4.9069E+01  2.0282E+01  2.2653E-01  5.2398E-01  4.1334E-01
  8.0000E+00  8.7686E+00  3.8708E+01  4.9069E+01  2.0282E+01  2.2653E-01  5.2398E-01  4.1334E-01
  8.0000E+00  8.7686E+00  3.8708E+01  4.9069E+01  2.0282E+01  2.2653E-01  5.2398E-01  4.1334E-01
  8.0000E+00  8.7686E+00  3.8708E+01  4.9069E+01  2.0282E+01  2.2653E-01  5.2398E-01  4.1334E-01
  9.0000E+00  1.7009E+01  1.0042E+02  4.9069E+01  2.0282E+01  1.6937E-01  2.0197E-01  4.1334E-01
  9.0000E+00  1.7009E+01  1.0042E+02  4.9069E+01  2.0282E+01  1.6937E-01  2.0197E-01  4.1334E-01
  9.0000E+00  1.7009E+01  1.0042E+02  4.9069E+01  2.0282E+01  1.6937E-01  2.0197E-01  4.1334E-01
  9.0000E+00  1.7009E+01  1.0042E+02  4.9069E+01  2.0282E+01  1.6937E-01  2.0197E-01  4.1334E-01
  9.0000E+00  1.7009E+01  1.0042E+02  4.9069E+01  2.0282E+01  1.6937E-01  2.0197E-01  4.1334E-01
  9.0000E+00  1.7009E+01  1.0042E+02  4.9069E+01  2.0282E+01  1.6937E-01  2.0197E-01  4.1334E-01
  9.0000E+00  1.7009E+01  1.0042E+02  4.9069E+01  2.0282E+01  1.6937E-01  2.0197E-01  4.1334E-01
  9.0000E+00  1.7009E+01  1.0042E+02  4.9069E+01  2.0282E+01  1.6937E-01  2.0197E-01  4.1334E-01
  9.0000E+00  1.7009E+01  1.0042E+02  4.9069E+01  2.0282E+01  1.6937E-01  2.0197E-01  4.1334E-01
  9.0000E+00  1.7009E+01  1.0042E+02  4.9069E+01  2.0282E+01  1.6937E-01  2.0197E-01  4.1334E-01
  9.0000E+00  1.7009E+01  1.0042E+02  4.9069E+01  2.0282E+01  1.6937E-01  2.0197E-01  4.1334E-01
  9.0000E+00  1.7009E+01  1.0042E+02  4.9069E+01  2.0282E+01  1.6937E-01  2.0197E-01  4.1334E-01
  9.0000E+00  1.7009E+01  1.0042E+02  4.9069E+01  2.0282E+01  1.6937E-01  2.0197E-01  4.1334E-01
  9.0000E+00  1.7009E+01  1.0042E+02  4.9069E+01  2.0282E+01  1.6937E-01  2.0197E-01  4.1334E-01
  9.0000E+00  1.7009E+01  1.0042E+02  4.9069E+01  2.0282E+01  1.6937E-01  2.0197E-01  4.1334E-01
  9.0000E+00  1.7009E+01  1.0042E+02  4.9069E+01  2.0282E+01  1.6937E-01  2.0197E-01  4.1334E-01
  9.0000E+00  1.7009E+01  1.0042E+02  4.9069E+01  2.0282E+01  1.6937E-01  2.0197E-01  4.1334E-01
  9.0000E+00  1.7009E+01  1.0042E+02  4.9069E+01  2.0282E+01  1.6937E-01  2.0197E-01  4.1334E-01
  9.0000E+00  1.7009E+01  1.0042E+02  4.9069E+01  2.0282E+01  1.6937E-01  2.0197E-01  4.1334E-01
  9.0000E+00  1.7009E+01  1.0042E+02  4.9069E+01  2.0282E+01  1.6937E-01  2.0197E-01  4.1334E-01
  9.0000E+00  1.7009E+01  1.0042E+02  4.9069E+01  2.0282E+01  1.6937E-01  2.0197E-01  4.1334E-01
  9.0000E+00  1.7009E+01  1.0042E+02  4.9069E+01  2.0282E+01  1.6937E-01  2.0197E-01  4.1334E-01
  9.0000E+00  1.7009E+01  1.0042E+02  4.9069E+01  2.0282E+01  1.6937E-01  2.0197E-01  4.1334E-01
  9.0000E+00  1.7009E+01  1.0042E+02  4.9069E+01  2.0282E+01  1.6937E-01  2.0197E-01  4.1334E-01
  9.0000E+00  1.7009E+01  1.0042E+02  4.9069E+01  2.0282E+01  1.6937E-01  2.0197E-01  4.1334E-01
  9.0000E+00  1.7009E+01  1.0042E+02  4.9069E+01  2.0282E+01  1.6937E-01  2.0197E-01  4.1334E-01
  9.0000E+00  1.7009E+01  1.0042E+02  4.9069E+01  2.0282E+01  1.6937E-01  2.0197E-01  4.1334E-01
  9.0000E+00  1.7009E+01  1.0042E+02  4.9069E+01  2.0282E+01  1.6937E-01  2.0197E-01  4.1334E-01
  9.0000E+00  1.7009E+01  1.0042E+02  4.9069E+01  2.0282E+01  1.6937E-01  2.0197E-01  4.1334E-01
  9.0000E+00  1.7009E+01  1.0042E+02  4.9069E+01  2.0282E+01  1.6937E-01  2.0197E-01  4.1334E-01
  9.0000E+00  1.7009E+01  1.0042E+02  4.9069E+01  2.0282E+01  1.6937E-01  2.0197E-01  4.1334E-01
  1.0000E+01  7.1664E+00  3.1833E+01  4.9069E+01  2.0282E+01  2.2512E-01  6.3713E-01  4.1334E-01
  1.0000E+01  7.1664E+00  3.1833E+01  4.9069E+01  2.0282E+01  2.2512E-01  6.3713E-01  4.1334E-01
  1.0000E+01  7.1664E+00  3.1833E+01  4.9069E+01  2.0282E+01  2.2512E-01  6.3713E-01  4.1334E-01
  1.0000E+01  7.1664E+00  3.1833E+01  4.9069E+01  2.0282E+01  2.2512E-01  6.3713E-01  4.1334E-01
  1.0000E+01  7.1664E+00  3.1833E+01  4.9069E+01  2.0282E+01  2.2512E-01  6.3713E-01  4.1334E-01
  1.0000E+01  7.1664E+00  3.1833E+01  4.9069E+01  2.0282E+01  2.2512E-01  6.3713E-01  4.1334E-01
  1.0000E+01  7.1664E+00  3.1833E+01  4.9069E+01  2.0282E+01  2.2512E-01  6.3713E-01  4.1334E-01
  1.0000E+01  7.1664E+00  3.1833E+01  4.9069E+01  2.0282E+01  2.2512E-01  6.3713E-01  4.1334E-01
  1.0000E+01  7.1664E+00  3.1833E+01  4.9069E+01  2.0282E+01  2.2512E-01  6.3713E-01  4.1334E-01
  1.0000E+01  7.1664E+00  3.1833E+01  4.9069E+01  2.0282E+01  2.2512E-01  6.3713E-01  4.1334E-01
  1.0000E+01  7.1664E+00  3.1833E+01  4.9069E+01  2.0282E+01  2.2512E-01  6.3713E-01  4.1334E-01
  1.0000E+01  7.1664E+00  3.1833E+01  4.9069E+01  2.0282E+01  2.2512E-01  6.3713E-01  4.1334E-01
  1.0000E+01  7.1664E+00  3.1833E+01  4.9069E+01  2.0282E+01  2.2512E-01  6.3713E-01  4.1334E-01
  1.0000E+01  7.1664E+00  3.1833E+01  4.9069E+01  2.0282E+01  2.2512E-01  6.3713E-01  4.1334E-01
  1.0000E+01  7.1664E+00  3.1833E+01  4.9069E+01  2.0282E+01  2.2512E-01  6.3713E-01  4.1334E-01
  1.0000E+01  7.1664E+00  3.1833E+01  4.9069E+01  2.0282E+01  2.2512E-01  6.3713E-01  4.1334E-01
  1.0000E+01  7.1664E+00  3.1833E+01  4.9069E+01  2.0282E+01  2.2512E-01  6.3713E-01  4.1334E-01
  1.0000E+01  7.1664E+00  3.1833E+01  4.9069E+01  2.0282E+01  2.2512E-01  6.3713E-01  4.1334E-01
  1.0000E+01  7.1664E+00  3.1833E+01  4.9069E+01  2.0282E+01  2.2512E-01  6.3713E-01  4.1334E-01
  1.0000E+01  7.1664E+00  3.1833E+01  4.9069E+01  2.0282E+01  2.2512E-01  6.3713E-01  4.1334E-01
  1.0000E+01  7.1664E+00  3.1833E+01  4.9069E+01  2.0282E+01  2.2512E-01  6.3713E-01  4.1334E-01
  1.0000E+01  7.1664E+00  3.1833E+01  4.9069E+01  2.0282E+01  2.2512E-01  6.3713E-01  4.1334E-01
  1.0000E+01  7.1664E+00  3.1833E+01  4.9069E+01  2.0282E+01  2.2512E-01  6.3713E-01  4.1334E-01
  1.0000E+01  7.1664E+00  3.1833E+01  4.9069E+01  2.0282E+01  2.2512E-01  6.3713E-01  4.1334E-01
  1.0000E+01  7.1664E+00  3.1833E+01  4.9069E+01  2.0282E+01  2.2512E-01  6.3713E-01  4.1334E-01
  1.0000E+01  7.1664E+00  3.1833E+01  4.9069E+01  2.0282E+01  2.2512E-01  6.3713E-01  4.1334E-01
  1.0000E+01  7.1664E+00  3.1833E+01  4.9069E+01  2.0282E+01  2.2512E-01  6.3713E-01  4.1334E-01
  1.0000E+01  7.1664E+00  3.1833E+01  4.9069E+01  2.0282E+01  2.2512E-01  6.3713E-01  4.1334E-01
  1.0000E+01  7.1664E+00  3.1833E+01  4.9069E+01  2.0282E+01  2.2512E-01  6.3713E-01  4.1334E-01
  1.0000E+01  7.1664E+00  3.1833E+01  4.9069E+01  2.0282E+01  2.2512E-01  6.3713E-01  4.1334E-01
  1.0000E+01  7.1664E+00  3.1833E+01  4.9069E+01  2.0282E+01  2.2512E-01  6.3713E-01  4.1334E-01
  1.1000E+01  1.1980E+01  9.9188E+01  4.9069E+01  2.0282E+01  1.2078E-01  2.0448E-01  4.1334E-01
  1.1000E+01  1.1980E+01  9.9188E+01  4.9069E+01  2.0282E+01  1.2078E-01  2.0448E-01  4.1334E-01
  1.1000E+01  1.1980E+01  9.9188E+01  4.9069E+01  2.0282E+01  1.2078E-01  2.0448E-01  4.1334E-01
  1.1000E+01  1.1980E+01  9.9188E+01  4.9069E+01  2.0282E+01  1.2078E-01  2.0448E-01  4.1334E-01
  1.1000E+01  1.1980E+01  9.9188E+01  4.9069E+01  2.0282E+01  1.2078E-01  2.0448E-01  4.1334E-01
  1.1000E+01  1.1980E+01  9.9188E+01  4.9069E+01  2.0282E+01  1.2078E-01  2.0448E-01  4.1334E-01
  1.1000E+01  1.1980E+01  9.9188E+01  4.9069E+01  2.0282E+01  1.2078E-01  2.0448E-01  4.1334E-01
  1.1000E+01  1.1980E+01  9.9188E+01  4.9069E+01  2.0282E+01  1.2078E-01  2.0448E-01  4.1334E-01
  1.1000E+01  1.1980E+01  9.9188E+01  4.9069E+01  2.0282E+01  1.2078E-01  2.0448E-01  4.1334E-01
  1.1000E+01  1.1980E+01  9.9188E+01  4.9069E+01  2.0282E+01  1.2078E-01  2.0448E-01  4.1334E-01
  1.1000E+01  1.1980E+01  9.9188E+01  4.9069E+01  2.0282E+01  1.2078E-01  2.0448E-01  4.1334E-01
  1.1000E+01  1.1980E+01  9.9188E+01  4.9069E+01  2.0282E+01  1.2078E-01  2.0448E-01  4.1334E-01
  1.1000E+01  1.1980E+01  9.9188E+01  4.9069E+01  2.0282E+01  1.2078E-01  2.0448E-01  4.1334E-01
  1.1000E+01  1.1980E+01  9.9188E+01  4.9069E+01  2.0282E+01  1.2078E-01  2.0448E-01  4.1334E-01
  1.1000E+01  1.1980E+01  9.9188E+01  4.9069E+01  2.0282E+01  1.2078E-01  2.0448E-01  4.1334E-01
  1.1000E+01  1.1980E+01  9.9188E+01  4.9069E+01  2.0282E+01  1.2078E-01  2.0448E-01  4.1334E-01
  1.1000E+01  1.1980E+01  9.9188E+01  4.9069E+01  2.0282E+01  1.2078E-01  2.0448E-01  4.1334E-01
  1.1000E+01  1.1980E+01  9.9188E+01  4.9069E+01  2.0282E+01  1.2078E-01  2.0448E-01  4.1334E-01
  1.1000E+01  1.1980E+01  9.9188E+01  4.9069E+01  2.0282E+01  1.2078E-01  2.0448E-01  4.1334E-01
  1.1000E+01  1.1980E+01  9.9188E+01  4.9069E+01  2.0282E+01  1.2078E-01  2.0448E-01  4.1334E-01
  1.1000E+01  1.1980E+01  9.9188E+01  4.9069E+01  2.0282E+01  1.2078E-01  2.0448E-01  4.1334E-01
  1.1000E+01  1.1980E+01  9.9188E+01  4.9069E+01  2.0282E+01  1.2078E-01  2.0448E-01  4.1334E-01
  1.1000E+01  1.1980E+01  9.9188E+01  4.9069E+01  2.0282E+01  1.2078E-01  2.0448E-01  4.1334E-01
  1.1000E+01  1.1980E+01  9.9188E+01  4.9069E+01  2.0282E+01  1.2078E-01  2.0448E-01  4.1334E-01
  1.1000E+01  1.1980E+01  9.9188E+01  4.9069E+01  2.0282E+01  1.2078E-01  2.0448E-01  4.1334E-01
  1.1000E+01  1.1980E+01  9.9188E+01  4.9069E+01  2.0282E+01  1.2078E-01  2.0448E-01  4.1334E-01
  1.1000E+01  1.1980E+01  9.9188E+01  4.9069E+01  2.0282E+01  1.2078E-01  2.0448E-01  4.1334E-01
  1.1000E+01  1.1980E+01  9.9188E+01  4.9069E+01  2.0282E+01  1.2078E-01  2.0448E-01  4.1334E-01
  1.1000E+01  1.1980E+01  9.9188E+01  4.9069E+01  2.0282E+01  1.2078E-01  2.0448E-01  4.1334E-01
  1.1000E+01  1.1980E+01  9.9188E+01  4.9069E+01  2.0282E+01  1.2078E-01  2.0448E-01  4.1334E-01
  1.1000E+01  1.1980E+01  9.9188E+01  4.9069E+01  2.0282E+01  1.2078E-01  2.0448E-01  4.1334E-01
  1.2000E+01  6.8131E+00  7.5240E+01  4.9069E+01  2.0282E+01  9.0551E-02  2.6956E-01  4.1334E-01
  1.2000E+01  6.8131E+00  7.5240E+01  4.9069E+01  2.0282E+01  9.0551E-02  2.6956E-01  4.1334E-01
  1.2000E+01  6.8131E+00  7.5240E+01  4.9069E+01  2.0282E+01  9.0551E-02  2.6956E-01  4.1334E-01
  1.2000E+01  6.8131E+00  7.5240E+01  4.9069E+01  2.0282E+01  9.0551E-02  2.6956E-01  4.1334E-01
  1.2000E+01  6.8131E+00  7.5240E+01  4.9069E+01  2.0282E+01  9.0551E-02  2.6956E-01  4.1334E-01
  1.2000E+01  6.8131E+00  7.5240E+01  4.9069E+01  2.0282E+01  9.0551E-02  2.6956E-01  4.1334E-01
  1.2000E+01  6.8131E+00  7.5240E+01  4.9069E+01  2.0282E+01  9.0551E-02  2.6956E-01  4.1334E-01
  1.2000E+01  6.8131E+00  7.5240E+01  4.9069E+01  2.0282E+01  9.0551E-02  2.6956E-01  4.1334E-01
  1.2000E+01  6.8131E+00  7.5240E+01  4.9069E+01  2.0282E+01  9.0551E-02  2.6956E-01  4.1334E-01
  1.2000E+01  6.8131E+00  7.5240E+01  4.9069E+01  2.0282E+01  9.0551E-02  2.6956E-01  4.1334E-01
  1.2000E+01  6.8131E+00  7.5240E+01  4.9069E+01  2.0282E+01  9.0551E-02  2.6956E-01  4.1334E-01
  1.2000E+01  6.8131E+00  7.5240E+01  4.9069E+01  2.0282E+01  9.0551E-02  2.6956E-01  4.1334E-01
  1.2000E+01  6.8131E+00  7.5240E+01  4.9069E+01  2.0282E+01  9.0551E-02  2.6956E-01  4.1334E-01
  1.2000E+01  6.8131E+00  7.5240E+01  4.9069E+01  2.0282E+01  9.0551E-02  2.6956E-01  4.1334E-01
  1.2000E+01  6.8131E+00  7.5240E+01  4.9069E+01  2.0282E+01  9.0551E-02  2.6956E-01  4.1334E-01
  1.2000E+01  6.8131E+00  7.5240E+01  4.9069E+01  2.0282E+01  9.0551E-02  2.6956E-01  4.1334E-01
  1.2000E+01  6.8131E+00  7.5240E+01  4.9069E+01  2.0282E+01  9.0551E-02  2.6956E-01  4.1334E-01
  1.2000E+01  6.8131E+00  7.5240E+01  4.9069E+01  2.0282E+01  9.0551E-02  2.6956E-01  4.1334E-01
  1.2000E+01  6.8131E+00  7.5240E+01  4.9069E+01  2.0282E+01  9.0551E-02  2.6956E-01  4.1334E-01
  1.2000E+01  6.8131E+00  7.5240E+01  4.9069E+01  2.0282E+01  9.0551E-02  2.6956E-01  4.1334E-01
  1.2000E+01  6.8131E+00  7.5240E+01  4.9069E+01  2.0282E+01  9.0551E-02  2.6956E-01  4.1334E-01
  1.2000E+01  6.8131E+00  7.5240E+01  4.9069E+01  2.0282E+01  9.0551E-02  2.6956E-01  4.1334E-01
  1.2000E+01  6.8131E+00  7.5240E+01  4.9069E+01  2.0282E+01  9.0551E-02  2.6956E-01  4.1334E-01
  1.2000E+01  6.8131E+00  7.5240E+01  4.9069E+01  2.0282E+01  9.0551E-02  2.6956E-01  4.1334E-01
  1.2000E+01  6.8131E+00  7.5240E+01  4.9069E+01  2.0282E+01  9.0551E-02  2.6956E-01  4.1334E-01
  1.2000E+01  6.8131E+00  7.5240E+01  4.9069E+01  2.0282E+01  9.0551E-02  2.6956E-01  4.1334E-01
  1.2000E+01  6.8131E+00  7.5240E+01  4.9069E+01  2.0282E+01  9.0551E-02  2.6956E-01  4.1334E-01
  1.2000E+01  6.8131E+00  7.5240E+01  4.9069E+01  2.0282E+01  9.0551E-02  2.6956E-01  4.1334E-01
  1.2000E+01  6.8131E+00  7.5240E+01  4.9069E+01  2.0282E+01  9.0551E-02  2.6956E-01  4.1334E-01
  1.2000E+01  6.8131E+00  7.5240E+01  4.9069E+01  2.0282E+01  9.0551E-02  2.6956E-01  4.1334E-01
  1.2000E+01  6.8131E+00  7.5240E+01  4.9069E+01  2.0282E+01  9.0551E-02  2.6956E-01  4.1334E-01
  1.3000E+01  1.5246E+01  5.7416E+01  4.9069E+01  2.0282E+01  2.6553E-01  3.5325E-01  4.1334E-01
  1.3000E+01  1.5246E+01  5.7416E+01  4.9069E+01  2.0282E+01  2.6553E-01  3.5325E-01  4.1334E-01
  1.3000E+01  1.5246E+01  5.7416E+01  4.9069E+01  2.0282E+01  2.6553E-01  3.5325E-01  4.1334E-01
  1.3000E+01  1.5246E+01  5.7416E+01  4.9069E+01  2.0282E+01  2.6553E-01  3.5325E-01  4.1334E-01
  1.3000E+01  1.5246E+01  5.7416E+01  4.9069E+01  2.0282E+01  2.6553E-01  3.5325E-01  4.1334E-01
  1.3000E+01  1.5246E+01  5.7416E+01  4.9069E+01  2.0282E+01  2.6553E-01  3.5325E-01  4.1334E-01
  1.3000E+01  1.5246E+01  5.7416E+01  4.9069E+01  2.0282E+01  2.6553E-01  3.5325E-01  4.1334E-01
  1.3000E+01  1.5246E+01  5.7416E+01  4.9069E+01  2.0282E+01  2.6553E-01  3.5325E-01  4.1334E-01
  1.3000E+01  1.5246E+01  5.7416E+01  4.9069E+01  2.0282E+01  2.6553E-01  3.5325E-01  4.1334E-01
  1.3000E+01  1.5246E+01  5.7416E+01  4.9069E+01  2.0282E+01  2.6553E-01  3.5325E-01  4.1334E-01
  1.3000E+01  1.5246E+01  5.7416E+01  4.9069E+01  2.0282E+01  2.6553E-01  3.5325E-01  4.1334E-01
  1.3000E+01  1.5246E+01  5.7416E+01  4.9069E+01  2.0282E+01  2.6553E-01  3.5325E-01  4.1334E-01
  1.3000E+01  1.5246E+01  5.7416E+01  4.9069E+01  2.0282E+01  2.6553E-01  3.5325E-01  4.1334E-01
  1.3000E+01  1.5246E+01  5.7416E+01  4.9069E+01  2.0282E+01  2.6553E-01  3.5325E-01  4.1334E-01
  1.3000E+01  1.5246E+01  5.7416E+01  4.9069E+01  2.0282E+01  2.6553E-01  3.5325E-01  4.1334E-01
  1.3000E+01  1.5246E+01  5.7416E+01  4.9069E+01  2.0282E+01  2.6553E-01  3.5325E-01  4.1334E-01
  1.3000E+01  1.5246E+01  5.7416E+01  4.9069E+01  2.0282E+01  2.6553E-01  3.5325E-01  4.1334E-01
  1.3000E+01  1.5246E+01  5.7416E+01  4.9069E+01  2.0282E+01  2.6553E-01  3.5325E-01  4.1334E-01
  1.3000E+01  1.5246E+01  5.7416E+01  4.9069E+01  2.0282E+01  2.6553E-01  3.5325E-01  4.1334E-01
  1.3000E+01  1.5246E+01  5.7416E+01  4.9069E+01  2.0282E+01  2.6553E-01  3.5325E-01  4.1334E-01
  1.3000E+01  1.5246E+01  5.7416E+01  4.9069E+01  2.0282E+01  2.6553E-01  3.5325E-01  4.1334E-01
  1.3000E+01  1.5246E+01  5.7416E+01  4.9069E+01  2.0282E+01  2.6553E-01  3.5325E-01  4.1334E-01
  1.3000E+01  1.5246E+01  5.7416E+01  4.9069E+01  2.0282E+01  2.6553E-01  3.5325E-01  4.1334E-01
  1.3000E+01  1.5246E+01  5.7416E+01  4.9069E+01  2.0282E+01  2.6553E-01  3.5325E-01  4.1334E-01
  1.3000E+01  1.5246E+01  5.7416E+01  4.9069E+01  2.0282E+01  2.6553E-01  3.5325E-01  4.1334E-01
  1.3000E+01  1.5246E+01  5.7416E+01  4.9069E+01  2.0282E+01  2.6553E-01  3.5325E-01  4.1334E-01
  1.3000E+01  1.5246E+01  5.7416E+01  4.9069E+01  2.0282E+01  2.6553E-01  3.5325E-01  4.1334E-01
  1.3000E+01  1.5246E+01  5.7416E+01  4.9069E+01  2.0282E+01  2.6553E-01  3.5325E-01  4.1334E-01
  1.3000E+01  1.5246E+01  5.7416E+01  4.9069E+01  2.0282E+01  2.6553E-01  3.5325E-01  4.1334E-01
  1.3000E+01  1.5246E+01  5.7416E+01  4.9069E+01  2.0282E+01  2.6553E-01  3.5325E-01  4.1334E-01
  1.3000E+01  1.5246E+01  5.7416E+01  4.9069E+01  2.0282E+01  2.6553E-01  3.5325E-01  4.1334E-01
  1.4000E+01  3.8862E+00  4.8766E+01  4.9069E+01  2.0282E+01  7.9692E-02  4.1591E-01  4.1334E-01
  1.4000E+01  3.8862E+00  4.8766E+01  4.9069E+01  2.0282E+01  7.9692E-02  4.1591E-01  4.1334E-01
  1.4000E+01  3.8862E+00  4.8766E+01  4.9069E+01  2.0282E+01  7.9692E-02  4.1591E-01  4.1334E-01
  1.4000E+01  3.8862E+00  4.8766E+01  4.9069E+01  2.0282E+01  7.9692E-02  4.1591E-01  4.1334E-01
  1.4000E+01  3.8862E+00  4.8766E+01  4.9069E+01  2.0282E+01  7.9692E-02  4.1591E-01  4.1334E-01
  1.4000E+01  3.8862E+00  4.8766E+01  4.9069E+01  2.0282E+01  7.9692E-02  4.1591E-01  4.1334E-01
  1.4000E+01  3.8862E+00  4.8766E+01  4.9069E+01  2.0282E+01  7.9692E-02  4.1591E-01  4.1334E-01
  1.4000E+01  3.8862E+00  4.8766E+01  4.9069E+01  2.0282E+01  7.9692E-02  4.1591E-01  4.1334E-01
  1.4000E+01  3.8862E+00  4.8766E+01  4.9069E+01  2.0282E+01  7.9692E-02  4.1591E-01  4.1334E-01
  1.4000E+01  3.8862E+00  4.8766E+01  4.9069E+01  2.0282E+01  7.9692E-02  4.1591E-01  4.1334E-01
  1.4000E+01  3.8862E+00  4.8766E+01  4.9069E+01  2.0282E+01  7.9692E-02  4.1591E-01  4.1334E-01
  1.4000E+01  3.8862E+00  4.8766E+01  4.9069E+01  2.0282E+01  7.9692E-02  4.1591E-01  4.1334E-01
  1.4000E+01  3.8862E+00  4.8766E+01  4.9069E+01  2.0282E+01  7.9692E-02  4.1591E-01  4.1334E-01
  1.4000E+01  3.8862E+00  4.8766E+01  4.9069E+01  2.0282E+01  7.9692E-02  4.1591E-01  4.1334E-01
  1.4000E+01  3.8862E+00  4.8766E+01  4.9069E+01  2.0282E+01  7.9692E-02  4.1591E-01  4.1334E-01
  1.4000E+01  3.8862E+00  4.8766E+01  4.9069E+01  2.0282E+01  7.9692E-02  4.1591E-01  4.1334E-01
  1.4000E+01  3.8862E+00  4.8766E+01  4.9069E+01  2.0282E+01  7.9692E-02  4.1591E-01  4.1334E-01
  1.4000E+01  3.8862E+00  4.8766E+01  4.9069E+01  2.0282E+01  7.9692E-02  4.1591E-01  4.1334E-01
  1.4000E+01  3.8862E+00  4.8766E+01  4.9069E+01  2.0282E+01  7.9692E-02  4.1591E-01  4.1334E-01
  1.4000E+01  3.8862E+00  4.8766E+01  4.9069E+01  2.0282E+01  7.9692E-02  4.1591E-01  4.1334E-01
  1.4000E+01  3.8862E+00  4.8766E+01  4.9069E+01  2.0282E+01  7.9692E-02  4.1591E-01  4.1334E-01
  1.4000E+01  3.8862E+00  4.8766E+01  4.9069E+01  2.0282E+01  7.9692E-02  4.1591E-01  4.1334E-01
  1.4000E+01  3.8862E+00  4.8766E+01  4.9069E+01  2.0282E+01  7.9692E-02  4.1591E-01  4.1334E-01
  1.4000E+01  3.8862E+00  4.8766E+01  4.9069E+01  2.0282E+01  7.9692E-02  4.1591E-01  4.1334E-01
  1.4000E+01  3.8862E+00  4.8766E+01  4.9069E+01  2.0282E+01  7.9692E-02  4.1591E-01  4.1334E-01
  1.4000E+01  3.8862E+00  4.8766E+01  4.9069E+01  2.0282E+01  7.9692E-02  4.1591E-01  4.1334E-01
  1.4000E+01  3.8862E+00  4.8766E+01  4.9069E+01  2.0282E+01  7.9692E-02  4.1591E-01  4.1334E-01
  1.4000E+01  3.8862E+00  4.8766E+01  4.9069E+01  2.0282E+01  7.9692E-02  4.1591E-01  4.1334E-01
  1.4000E+01  3.8862E+00  4.8766E+01  4.9069E+01  2.0282E+01  7.9692E-02  4.1591E-01  4.1334E-01
  1.4000E+01  3.8862E+00  4.8766E+01  4.9069E+01  2.0282E+01  7.9692E-02  4.1591E-01  4.1334E-01
  1.4000E+01  3.8862E+00  4.8766E+01  4.9069E+01  2.0282E+01  7.9692E-02  4.1591E-01  4.1334E-01
  1.5000E+01  7.4327E+00  5.4333E+01  4.9069E+01  2.0282E+01  1.3680E-01  3.7329E-01  4.1334E-01
  1.5000E+01  7.4327E+00  5.4333E+01  4.9069E+01  2.0282E+01  1.3680E-01  3.7329E-01  4.1334E-01
  1.5000E+01  7.4327E+00  5.4333E+01  4.9069E+01  2.0282E+01  1.3680E-01  3.7329E-01  4.1334E-01
  1.5000E+01  7.4327E+00  5.4333E+01  4.9069E+01  2.0282E+01  1.3680E-01  3.7329E-01  4.1334E-01
  1.5000E+01  7.4327E+00  5.4333E+01  4.9069E+01  2.0282E+01  1.3680E-01  3.7329E-01  4.1334E-01
  1.5000E+01  7.4327E+00  5.4333E+01  4.9069E+01  2.0282E+01  1.3680E-01  3.7329E-01  4.1334E-01
  1.5000E+01  7.4327E+00  5.4333E+01  4.9069E+01  2.0282E+01  1.3680E-01  3.7329E-01  4.1334E-01
  1.5000E+01  7.4327E+00  5.4333E+01  4.9069E+01  2.0282E+01  1.3680E-01  3.7329E-01  4.1334E-01
  1.5000E+01  7.4327E+00  5.4333E+01  4.9069E+01  2.0282E+01  1.3680E-01  3.7329E-01  4.1334E-01
  1.5000E+01  7.4327E+00  5.4333E+01  4.9069E+01  2.0282E+01  1.3680E-01  3.7329E-01  4.1334E-01
  1.5000E+01  7.4327E+00  5.4333E+01  4.9069E+01  2.0282E+01  1.3680E-01  3.7329E-01  4.1334E-01
  1.5000E+01  7.4327E+00  5.4333E+01  4.9069E+01  2.0282E+01  1.3680E-01  3.7329E-01  4.1334E-01
  1.5000E+01  7.4327E+00  5.4333E+01  4.9069E+01  2.0282E+01  1.3680E-01  3.7329E-01  4.1334E-01
  1.5000E+01  7.4327E+00  5.4333E+01  4.9069E+01  2.0282E+01  1.3680E-01  3.7329E-01  4.1334E-01
  1.5000E+01  7.4327E+00  5.4333E+01  4.9069E+01  2.0282E+01  1.3680E-01  3.7329E-01  4.1334E-01
  1.5000E+01  7.4327E+00  5.4333E+01  4.9069E+01  2.0282E+01  1.3680E-01  3.7329E-01  4.1334E-01
  1.5000E+01  7.4327E+00  5.4333E+01  4.9069E+01  2.0282E+01  1.3680E-01  3.7329E-01  4.1334E-01
  1.5000E+01  7.4327E+00  5.4333E+01  4.9069E+01  2.0282E+01  1.3680E-01  3.7329E-01  4.1334E-01
  1.5000E+01  7.4327E+00  5.4333E+01  4.9069E+01  2.0282E+01  1.3680E-01  3.7329E-01  4.1334E-01
  1.5000E+01  7.4327E+00  5.4333E+01  4.9069E+01  2.0282E+01  1.3680E-01  3.7329E-01  4.1334E-01
  1.5000E+01  7.4327E+00  5.4333E+01  4.9069E+01  2.0282E+01  1.3680E-01  3.7329E-01  4.1334E-01
  1.5000E+01  7.4327E+00  5.4333E+01  4.9069E+01  2.0282E+01  1.3680E-01  3.7329E-01  4.1334E-01
  1.5000E+01  7.4327E+00  5.4333E+01  4.9069E+01  2.0282E+01  1.3680E-01  3.7329E-01  4.1334E-01
  1.5000E+01  7.4327E+00  5.4333E+01  4.9069E+01  2.0282E+01  1.3680E-01  3.7329E-01  4.1334E-01
  1.5000E+01  7.4327E+00  5.4333E+01  4.9069E+01  2.0282E+01  1.3680E-01  3.7329E-01  4.1334E-01
  1.5000E+01  7.4327E+00  5.4333E+01  4.9069E+01  2.0282E+01  1.3680E-01  3.7329E-01  4.1334E-01
  1.5000E+01  7.4327E+00  5.4333E+01  4.9069E+01  2.0282E+01  1.3680E-01  3.7329E-01  4.1334E-01
  1.5000E+01  7.4327E+00  5.4333E+01  4.9069E+01  2.0282E+01  1.3680E-01  3.7329E-01  4.1334E-01
  1.5000E+01  7.4327E+00  5.4333E+01  4.9069E+01  2.0282E+01  1.3680E-01  3.7329E-01  4.1334E-01
  1.5000E+01  7.4327E+00  5.4333E+01  4.9069E+01  2.0282E+01  1.3680E-01  3.7329E-01  4.1334E-01
  1.5000E+01  7.4327E+00  5.4333E+01  4.9069E+01  2.0282E+01  1.3680E-01  3.7329E-01  4.1334E-01
  1.6000E+01  4.7775E+00  1.1071E+02  4.9069E+01  2.0282E+01  4.3152E-02  1.8320E-01  4.1334E-01
  1.6000E+01  4.7775E+00  1.1071E+02  4.9069E+01  2.0282E+01  4.3152E-02  1.8320E-01  4.1334E-01
  1.6000E+01  4.7775E+00  1.1071E+02  4.9069E+01  2.0282E+01  4.3152E-02  1.8320E-01  4.1334E-01
  1.6000E+01  4.7775E+00  1.1071E+02  4.9069E+01  2.0282E+01  4.3152E-02  1.8320E-01  4.1334E-01
  1.6000E+01  4.7775E+00  1.1071E+02  4.9069E+01  2.0282E+01  4.3152E-02  1.8320E-01  4.1334E-01
  1.6000E+01  4.7775E+00  1.1071E+02  4.9069E+01  2.0282E+01  4.3152E-02  1.8320E-01  4.1334E-01
  1.6000E+01  4.7775E+00  1.1071E+02  4.9069E+01  2.0282E+01  4.3152E-02  1.8320E-01  4.1334E-01
  1.6000E+01  4.7775E+00  1.1071E+02  4.9069E+01  2.0282E+01  4.3152E-02  1.8320E-01  4.1334E-01
  1.6000E+01  4.7775E+00  1.1071E+02  4.9069E+01  2.0282E+01  4.3152E-02  1.8320E-01  4.1334E-01
  1.6000E+01  4.7775E+00  1.1071E+02  4.9069E+01  2.0282E+01  4.3152E-02  1.8320E-01  4.1334E-01
  1.6000E+01  4.7775E+00  1.1071E+02  4.9069E+01  2.0282E+01  4.3152E-02  1.8320E-01  4.1334E-01
  1.6000E+01  4.7775E+00  1.1071E+02  4.9069E+01  2.0282E+01  4.3152E-02  1.8320E-01  4.1334E-01
  1.6000E+01  4.7775E+00  1.1071E+02  4.9069E+01  2.0282E+01  4.3152E-02  1.8320E-01  4.1334E-01
  1.6000E+01  4.7775E+00  1.1071E+02  4.9069E+01  2.0282E+01  4.3152E-02  1.8320E-01  4.1334E-01
  1.6000E+01  4.7775E+00  1.1071E+02  4.9069E+01  2.0282E+01  4.3152E-02  1.8320E-01  4.1334E-01
  1.6000E+01  4.7775E+00  1.1071E+02  4.9069E+01  2.0282E+01  4.3152E-02  1.8320E-01  4.1334E-01
  1.6000E+01  4.7775E+00  1.1071E+02  4.9069E+01  2.0282E+01  4.3152E-02  1.8320E-01  4.1334E-01
  1.6000E+01  4.7775E+00  1.1071E+02  4.9069E+01  2.0282E+01  4.3152E-02  1.8320E-01  4.1334E-01
  1.6000E+01  4.7775E+00  1.1071E+02  4.9069E+01  2.0282E+01  4.3152E-02  1.8320E-01  4.1334E-01
  1.6000E+01  4.7775E+00  1.1071E+02  4.9069E+01  2.0282E+01  4.3152E-02  1.8320E-01  4.1334E-01
  1.6000E+01  4.7775E+00  1.1071E+02  4.9069E+01  2.0282E+01  4.3152E-02  1.8320E-01  4.1334E-01
  1.6000E+01  4.7775E+00  1.1071E+02  4.9069E+01  2.0282E+01  4.3152E-02  1.8320E-01  4.1334E-01
  1.6000E+01  4.7775E+00  1.1071E+02  4.9069E+01  2.0282E+01  4.3152E-02  1.8320E-01  4.1334E-01
  1.6000E+01  4.7775E+00  1.1071E+02  4.9069E+01  2.0282E+01  4.3152E-02  1.8320E-01  4.1334E-01
  1.6000E+01  4.7775E+00  1.1071E+02  4.9069E+01  2.0282E+01  4.3152E-02  1.8320E-01  4.1334E-01
  1.6000E+01  4.7775E+00  1.1071E+02  4.9069E+01  2.0282E+01  4.3152E-02  1.8320E-01  4.1334E-01
  1.6000E+01  4.7775E+00  1.1071E+02  4.9069E+01  2.0282E+01  4.3152E-02  1.8320E-01  4.1334E-01
  1.6000E+01  4.7775E+00  1.1071E+02  4.9069E+01  2.0282E+01  4.3152E-02  1.8320E-01  4.1334E-01
  1.6000E+01  4.7775E+00  1.1071E+02  4.9069E+01  2.0282E+01  4.3152E-02  1.8320E-01  4.1334E-01
  1.6000E+01  4.7775E+00  1.1071E+02  4.9069E+01  2.0282E+01  4.3152E-02  1.8320E-01  4.1334E-01
  1.6000E+01  4.7775E+00  1.1071E+02  4.9069E+01  2.0282E+01  4.3152E-02  1.8320E-01  4.1334E-01
  1.7000E+01  6.6125E+00  1.2728E+02  4.9069E+01  2.0282E+01  5.1951E-02  1.5935E-01  4.1334E-01
  1.7000E+01  6.6125E+00  1.2728E+02  4.9069E+01  2.0282E+01  5.1951E-02  1.5935E-01  4.1334E-01
  1.7000E+01  6.6125E+00  1.2728E+02  4.9069E+01  2.0282E+01  5.1951E-02  1.5935E-01  4.1334E-01
  1.7000E+01  6.6125E+00  1.2728E+02  4.9069E+01  2.0282E+01  5.1951E-02  1.5935E-01  4.1334E-01
  1.7000E+01  6.6125E+00  1.2728E+02  4.9069E+01  2.0282E+01  5.1951E-02  1.5935E-01  4.1334E-01
  1.7000E+01  6.6125E+00  1.2728E+02  4.9069E+01  2.0282E+01  5.1951E-02  1.5935E-01  4.1334E-01
  1.7000E+01  6.6125E+00  1.2728E+02  4.9069E+01  2.0282E+01  5.1951E-02  1.5935E-01  4.1334E-01
  1.7000E+01  6.6125E+00  1.2728E+02  4.9069E+01  2.0282E+01  5.1951E-02  1.5935E-01  4.1334E-01
  1.7000E+01  6.6125E+00  1.2728E+02  4.9069E+01  2.0282E+01  5.1951E-02  1.5935E-01  4.1334E-01
  1.7000E+01  6.6125E+00  1.2728E+02  4.9069E+01  2.0282E+01  5.1951E-02  1.5935E-01  4.1334E-01
  1.7000E+01  6.6125E+00  1.2728E+02  4.9069E+01  2.0282E+01  5.1951E-02  1.5935E-01  4.1334E-01
  1.7000E+01  6.6125E+00  1.2728E+02  4.9069E+01  2.0282E+01  5.1951E-02  1.5935E-01  4.1334E-01
  1.7000E+01  6.6125E+00  1.2728E+02  4.9069E+01  2.0282E+01  5.1951E-02  1.5935E-01  4.1334E-01
  1.7000E+01  6.6125E+00  1.2728E+02  4.9069E+01  2.0282E+01  5.1951E-02  1.5935E-01  4.1334E-01
  1.7000E+01  6.6125E+00  1.2728E+02  4.9069E+01  2.0282E+01  5.1951E-02  1.5935E-01  4.1334E-01
  1.7000E+01  6.6125E+00  1.2728E+02  4.9069E+01  2.0282E+01  5.1951E-02  1.5935E-01  4.1334E-01
  1.7000E+01  6.6125E+00  1.2728E+02  4.9069E+01  2.0282E+01  5.1951E-02  1.5935E-01  4.1334E-01
  1.7000E+01  6.6125E+00  1.2728E+02  4.9069E+01  2.0282E+01  5.1951E-02  1.5935E-01  4.1334E-01
  1.7000E+01  6.6125E+00  1.2728E+02  4.9069E+01  2.0282E+01  5.1951E-02  1.5935E-01  4.1334E-01
  1.7000E+01  6.6125E+00  1.2728E+02  4.9069E+01  2.0282E+01  5.1951E-02  1.5935E-01  4.1334E-01
  1.7000E+01  6.6125E+00  1.2728E+02  4.9069E+01  2.0282E+01  5.1951E-02  1.5935E-01  4.1334E-01
  1.7000E+01  6.6125E+00  1.2728E+02  4.9069E+01  2.0282E+01  5.1951E-02  1.5935E-01  4.1334E-01
  1.7000E+01  6.6125E+00  1.2728E+02  4.9069E+01  2.0282E+01  5.1951E-02  1.5935E-01  4.1334E-01
  1.7000E+01  6.6125E+00  1.2728E+02  4.9069E+01  2.0282E+01  5.1951E-02  1.5935E-01  4.1334E-01
  1.7000E+01  6.6125E+00  1.2728E+02  4.9069E+01  2.0282E+01  5.1951E-02  1.5935E-01  4.1334E-01
  1.7000E+01  6.6125E+00  1.2728E+02  4.9069E+01  2.0282E+01  5.1951E-02  1.5935E-01  4.1334E-01
  1.7000E+01  6.6125E+00  1.2728E+02  4.9069E+01  2.0282E+01  5.1951E-02  1.5935E-01  4.1334E-01
  1.7000E+01  6.6125E+00  1.2728E+02  4.9069E+01  2.0282E+01  5.1951E-02  1.5935E-01  4.1334E-01
  1.7000E+01  6.6125E+00  1.2728E+02  4.9069E+01  2.0282E+01  5.1951E-02  1.5935E-01  4.1334E-01
  1.7000E+01  6.6125E+00  1.2728E+02  4.9069E+01  2.0282E+01  5.1951E-02  1.5935E-01  4.1334E-01
  1.7000E+01  6.6125E+00  1.2728E+02  4.9069E+01  2.0282E+01  5.1951E-02  1.5935E-01  4.1334E-01
  1.8000E+01  2.6553E+00  4.8917E+01  4.9069E+01  2.0282E+01  5.4281E-02  4.1462E-01  4.1334E-01
  1.8000E+01  2.6553E+00  4.8917E+01  4.9069E+01  2.0282E+01  5.4281E-02  4.1462E-01  4.1334E-01
  1.8000E+01  2.6553E+00  4.8917E+01  4.9069E+01  2.0282E+01  5.4281E-02  4.1462E-01  4.1334E-01
  1.8000E+01  2.6553E+00  4.8917E+01  4.9069E+01  2.0282E+01  5.4281E-02  4.1462E-01  4.1334E-01
  1.8000E+01  2.6553E+00  4.8917E+01  4.9069E+01  2.0282E+01  5.4281E-02  4.1462E-01  4.1334E-01
  1.8000E+01  2.6553E+00  4.8917E+01  4.9069E+01  2.0282E+01  5.4281E-02  4.1462E-01  4.1334E-01
  1.8000E+01  2.6553E+00  4.8917E+01  4.9069E+01  2.0282E+01  5.4281E-02  4.1462E-01  4.1334E-01
  1.8000E+01  2.6553E+00  4.8917E+01  4.9069E+01  2.0282E+01  5.4281E-02  4.1462E-01  4.1334E-01
  1.8000E+01  2.6553E+00  4.8917E+01  4.9069E+01  2.0282E+01  5.4281E-02  4.1462E-01  4.1334E-01
  1.8000E+01  2.6553E+00  4.8917E+01  4.9069E+01  2.0282E+01  5.4281E-02  4.1462E-01  4.1334E-01
  1.8000E+01  2.6553E+00  4.8917E+01  4.9069E+01  2.0282E+01  5.4281E-02  4.1462E-01  4.1334E-01
  1.8000E+01  2.6553E+00  4.8917E+01  4.9069E+01  2.0282E+01  5.4281E-02  4.1462E-01  4.1334E-01
  1.8000E+01  2.6553E+00  4.8917E+01  4.9069E+01  2.0282E+01  5.4281E-02  4.1462E-01  4.1334E-01
  1.8000E+01  2.6553E+00  4.8917E+01  4.9069E+01  2.0282E+01  5.4281E-02  4.1462E-01  4.1334E-01
  1.8000E+01  2.6553E+00  4.8917E+01  4.9069E+01  2.0282E+01  5.4281E-02  4.1462E-01  4.1334E-01
  1.8000E+01  2.6553E+00  4.8917E+01  4.9069E+01  2.0282E+01  5.4281E-02  4.1462E-01  4.1334E-01
  1.8000E+01  2.6553E+00  4.8917E+01  4.9069E+01  2.0282E+01  5.4281E-02  4.1462E-01  4.1334E-01
  1.8000E+01  2.6553E+00  4.8917E+01  4.9069E+01  2.0282E+01  5.4281E-02  4.1462E-01  4.1334E-01
  1.8000E+01  2.6553E+00  4.8917E+01  4.9069E+01  2.0282E+01  5.4281E-02  4.1462E-01  4.1334E-01
  1.8000E+01  2.6553E+00  4.8917E+01  4.9069E+01  2.0282E+01  5.4281E-02  4.1462E-01  4.1334E-01
  1.8000E+01  2.6553E+00  4.8917E+01  4.9069E+01  2.0282E+01  5.4281E-02  4.1462E-01  4.1334E-01
  1.8000E+01  2.6553E+00  4.8917E+01  4.9069E+01  2.0282E+01  5.4281E-02  4.1462E-01  4.1334E-01
  1.8000E+01  2.6553E+00  4.8917E+01  4.9069E+01  2.0282E+01  5.4281E-02  4.1462E-01  4.1334E-01
  1.8000E+01  2.6553E+00  4.8917E+01  4.9069E+01  2.0282E+01  5.4281E-02  4.1462E-01  4.1334E-01
  1.8000E+01  2.6553E+00  4.8917E+01  4.9069E+01  2.0282E+01  5.4281E-02  4.1462E-01  4.1334E-01
  1.8000E+01  2.6553E+00  4.8917E+01  4.9069E+01  2.0282E+01  5.4281E-02  4.1462E-01  4.1334E-01
  1.8000E+01  2.6553E+00  4.8917E+01  4.9069E+01  2.0282E+01  5.4281E-02  4.1462E-01  4.1334E-01
  1.8000E+01  2.6553E+00  4.8917E+01  4.9069E+01  2.0282E+01  5.4281E-02  4.1462E-01  4.1334E-01
  1.8000E+01  2.6553E+00  4.8917E+01  4.9069E+01  2.0282E+01  5.4281E-02  4.1462E-01  4.1334E-01
  1.8000E+01  2.6553E+00  4.8917E+01  4.9069E+01  2.0282E+01  5.4281E-02  4.1462E-01  4.1334E-01
  1.8000E+01  2.6553E+00  4.8917E+01  4.9069E+01  2.0282E+01  5.4281E-02  4.1462E-01  4.1334E-01
  1.9000E+01  1.0035E+01  4.5706E+01  4.9069E+01  2.0282E+01  2.1955E-01  4.4375E-01  4.1334E-01
  1.9000E+01  1.0035E+01  4.5706E+01  4.9069E+01  2.0282E+01  2.1955E-01  4.4375E-01  4.1334E-01
  1.9000E+01  1.0035E+01  4.5706E+01  4.9069E+01  2.0282E+01  2.1955E-01  4.4375E-01  4.1334E-01
  1.9000E+01  1.0035E+01  4.5706E+01  4.9069E+01  2.0282E+01  2.1955E-01  4.4375E-01  4.1334E-01
  1.9000E+01  1.0035E+01  4.5706E+01  4.9069E+01  2.0282E+01  2.1955E-01  4.4375E-01  4.1334E-01
  1.9000E+01  1.0035E+01  4.5706E+01  4.9069E+01  2.0282E+01  2.1955E-01  4.4375E-01  4.1334E-01
  1.9000E+01  1.0035E+01  4.5706E+01  4.9069E+01  2.0282E+01  2.1955E-01  4.4375E-01  4.1334E-01
  1.9000E+01  1.0035E+01  4.5706E+01  4.9069E+01  2.0282E+01  2.1955E-01  4.4375E-01  4.1334E-01
  1.9000E+01  1.0035E+01  4.5706E+01  4.9069E+01  2.0282E+01  2.1955E-01  4.4375E-01  4.1334E-01
  1.9000E+01  1.0035E+01  4.5706E+01  4.9069E+01  2.0282E+01  2.1955E-01  4.4375E-01  4.1334E-01
  1.9000E+01  1.0035E+01  4.5706E+01  4.9069E+01  2.0282E+01  2.1955E-01  4.4375E-01  4.1334E-01
  1.9000E+01  1.0035E+01  4.5706E+01  4.9069E+01  2.0282E+01  2.1955E-01  4.4375E-01  4.1334E-01
  1.9000E+01  1.0035E+01  4.5706E+01  4.9069E+01  2.0282E+01  2.1955E-01  4.4375E-01  4.1334E-01
  1.9000E+01  1.0035E+01  4.5706E+01  4.9069E+01  2.0282E+01  2.1955E-01  4.4375E-01  4.1334E-01
  1.9000E+01  1.0035E+01  4.5706E+01  4.9069E+01  2.0282E+01  2.1955E-01  4.4375E-01  4.1334E-01
  1.9000E+01  1.0035E+01  4.5706E+01  4.9069E+01  2.0282E+01  2.1955E-01  4.4375E-01  4.1334E-01
  1.9000E+01  1.0035E+01  4.5706E+01  4.9069E+01  2.0282E+01  2.1955E-01  4.4375E-01  4.1334E-01
  1.9000E+01  1.0035E+01  4.5706E+01  4.9069E+01  2.0282E+01  2.1955E-01  4.4375E-01  4.1334E-01
  1.9000E+01  1.0035E+01  4.5706E+01  4.9069E+01  2.0282E+01  2.1955E-01  4.4375E-01  4.1334E-01
  1.9000E+01  1.0035E+01  4.5706E+01  4.9069E+01  2.0282E+01  2.1955E-01  4.4375E-01  4.1334E-01
  1.9000E+01  1.0035E+01  4.5706E+01  4.9069E+01  2.0282E+01  2.1955E-01  4.4375E-01  4.1334E-01
  1.9000E+01  1.0035E+01  4.5706E+01  4.9069E+01  2.0282E+01  2.1955E-01  4.4375E-01  4.1334E-01
  1.9000E+01  1.0035E+01  4.5706E+01  4.9069E+01  2.0282E+01  2.1955E-01  4.4375E-01  4.1334E-01
  1.9000E+01  1.0035E+01  4.5706E+01  4.9069E+01  2.0282E+01  2.1955E-01  4.4375E-01  4.1334E-01
  1.9000E+01  1.0035E+01  4.5706E+01  4.9069E+01  2.0282E+01  2.1955E-01  4.4375E-01  4.1334E-01
  1.9000E+01  1.0035E+01  4.5706E+01  4.9069E+01  2.0282E+01  2.1955E-01  4.4375E-01  4.1334E-01
  1.9000E+01  1.0035E+01  4.5706E+01  4.9069E+01  2.0282E+01  2.1955E-01  4.4375E-01  4.1334E-01
  1.9000E+01  1.0035E+01  4.5706E+01  4.9069E+01  2.0282E+01  2.1955E-01  4.4375E-01  4.1334E-01
  1.9000E+01  1.0035E+01  4.5706E+01  4.9069E+01  2.0282E+01  2.1955E-01  4.4375E-01  4.1334E-01
  1.9000E+01  1.0035E+01  4.5706E+01  4.9069E+01  2.0282E+01  2.1955E-01  4.4375E-01  4.1334E-01
  1.9000E+01  1.0035E+01  4.5706E+01  4.9069E+01  2.0282E+01  2.1955E-01  4.4375E-01  4.1334E-01
  2.0000E+01  5.9277E+00  1.1001E+02  4.9069E+01  2.0282E+01  5.3883E-02  1.8437E-01  4.1334E-01
  2.0000E+01  5.9277E+00  1.1001E+02  4.9069E+01  2.0282E+01  5.3883E-02  1.8437E-01  4.1334E-01
  2.0000E+01  5.9277E+00  1.1001E+02  4.9069E+01  2.0282E+01  5.3883E-02  1.8437E-01  4.1334E-01
  2.0000E+01  5.9277E+00  1.1001E+02  4.9069E+01  2.0282E+01  5.3883E-02  1.8437E-01  4.1334E-01
  2.0000E+01  5.9277E+00  1.1001E+02  4.9069E+01  2.0282E+01  5.3883E-02  1.8437E-01  4.1334E-01
  2.0000E+01  5.9277E+00  1.1001E+02  4.9069E+01  2.0282E+01  5.3883E-02  1.8437E-01  4.1334E-01
  2.0000E+01  5.9277E+00  1.1001E+02  4.9069E+01  2.0282E+01  5.3883E-02  1.8437E-01  4.1334E-01
  2.0000E+01  5.9277E+00  1.1001E+02  4.9069E+01  2.0282E+01  5.3883E-02  1.8437E-01  4.1334E-01
  2.0000E+01  5.9277E+00  1.1001E+02  4.9069E+01  2.0282E+01  5.3883E-02  1.8437E-01  4.1334E-01
  2.0000E+01  5.9277E+00  1.1001E+02  4.9069E+01  2.0282E+01  5.3883E-02  1.8437E-01  4.1334E-01
  2.0000E+01  5.9277E+00  1.1001E+02  4.9069E+01  2.0282E+01  5.3883E-02  1.8437E-01  4.1334E-01
  2.0000E+01  5.9277E+00  1.1001E+02  4.9069E+01  2.0282E+01  5.3883E-02  1.8437E-01  4.1334E-01
  2.0000E+01  5.9277E+00  1.1001E+02  4.9069E+01  2.0282E+01  5.3883E-02  1.8437E-01  4.1334E-01
  2.0000E+01  5.9277E+00  1.1001E+02  4.9069E+01  2.0282E+01  5.3883E-02  1.8437E-01  4.1334E-01
  2.0000E+01  5.9277E+00  1.1001E+02  4.9069E+01  2.0282E+01  5.3883E-02  1.8437E-01  4.1334E-01
  2.0000E+01  5.9277E+00  1.1001E+02  4.9069E+01  2.0282E+01  5.3883E-02  1.8437E-01  4.1334E-01
  2.0000E+01  5.9277E+00  1.1001E+02  4.9069E+01  2.0282E+01  5.3883E-02  1.8437E-01  4.1334E-01
  2.0000E+01  5.9277E+00  1.1001E+02  4.9069E+01  2.0282E+01  5.3883E-02  1.8437E-01  4.1334E-01
  2.0000E+01  5.9277E+00  1.1001E+02  4.9069E+01  2.0282E+01  5.3883E-02  1.8437E-01  4.1334E-01
  2.0000E+01  5.9277E+00  1.1001E+02  4.9069E+01  2.0282E+01  5.3883E-02  1.8437E-01  4.1334E-01
  2.0000E+01  5.9277E+00  1.1001E+02  4.9069E+01  2.0282E+01  5.3883E-02  1.8437E-01  4.1334E-01
  2.0000E+01  5.9277E+00  1.1001E+02  4.9069E+01  2.0282E+01  5.3883E-02  1.8437E-01  4.1334E-01
  2.0000E+01  5.9277E+00  1.1001E+02  4.9069E+01  2.0282E+01  5.3883E-02  1.8437E-01  4.1334E-01
  2.0000E+01  5.9277E+00  1.1001E+02  4.9069E+01  2.0282E+01  5.3883E-02  1.8437E-01  4.1334E-01
  2.0000E+01  5.9277E+00  1.1001E+02  4.9069E+01  2.0282E+01  5.3883E-02  1.8437E-01  4.1334E-01
  2.0000E+01  5.9277E+00  1.1001E+02  4.9069E+01  2.0282E+01  5.3883E-02  1.8437E-01  4.1334E-01
  2.0000E+01  5.9277E+00  1.1001E+02  4.9069E+01  2.0282E+01  5.3883E-02  1.8437E-01  4.1334E-01
  2.0000E+01  5.9277E+00  1.1001E+02  4.9069E+01  2.0282E+01  5.3883E-02  1.8437E-01  4.1334E-01
  2.0000E+01  5.9277E+00  1.1001E+02  4.9069E+01  2.0282E+01  5.3883E-02  1.8437E-01  4.1334E-01
  2.0000E+01  5.9277E+00  1.1001E+02  4.9069E+01  2.0282E+01  5.3883E-02  1.8437E-01  4.1334E-01
  2.0000E+01  5.9277E+00  1.1001E+02  4.9069E+01  2.0282E+01  5.3883E-02  1.8437E-01  4.1334E-01
  2.1000E+01  3.2192E+00  1.8172E+01  4.9069E+01  2.0282E+01  1.7715E-01  1.1161E+00  4.1334E-01
  2.1000E+01  3.2192E+00  1.8172E+01  4.9069E+01  2.0282E+01  1.7715E-01  1.1161E+00  4.1334E-01
  2.1000E+01  3.2192E+00  1.8172E+01  4.9069E+01  2.0282E+01  1.7715E-01  1.1161E+00  4.1334E-01
  2.1000E+01  3.2192E+00  1.8172E+01  4.9069E+01  2.0282E+01  1.7715E-01  1.1161E+00  4.1334E-01
  2.1000E+01  3.2192E+00  1.8172E+01  4.9069E+01  2.0282E+01  1.7715E-01  1.1161E+00  4.1334E-01
  2.1000E+01  3.2192E+00  1.8172E+01  4.9069E+01  2.0282E+01  1.7715E-01  1.1161E+00  4.1334E-01
  2.1000E+01  3.2192E+00  1.8172E+01  4.9069E+01  2.0282E+01  1.7715E-01  1.1161E+00  4.1334E-01
  2.1000E+01  3.2192E+00  1.8172E+01  4.9069E+01  2.0282E+01  1.7715E-01  1.1161E+00  4.1334E-01
  2.1000E+01  3.2192E+00  1.8172E+01  4.9069E+01  2.0282E+01  1.7715E-01  1.1161E+00  4.1334E-01
  2.1000E+01  3.2192E+00  1.8172E+01  4.9069E+01  2.0282E+01  1.7715E-01  1.1161E+00  4.1334E-01
  2.1000E+01  3.2192E+00  1.8172E+01  4.9069E+01  2.0282E+01  1.7715E-01  1.1161E+00  4.1334E-01
  2.1000E+01  3.2192E+00  1.8172E+01  4.9069E+01  2.0282E+01  1.7715E-01  1.1161E+00  4.1334E-01
  2.1000E+01  3.2192E+00  1.8172E+01  4.9069E+01  2.0282E+01  1.7715E-01  1.1161E+00  4.1334E-01
  2.1000E+01  3.2192E+00  1.8172E+01  4.9069E+01  2.0282E+01  1.7715E-01  1.1161E+00  4.1334E-01
  2.1000E+01  3.2192E+00  1.8172E+01  4.9069E+01  2.0282E+01  1.7715E-01  1.1161E+00  4.1334E-01
  2.1000E+01  3.2192E+00  1.8172E+01  4.9069E+01  2.0282E+01  1.7715E-01  1.1161E+00  4.1334E-01
  2.1000E+01  3.2192E+00  1.8172E+01  4.9069E+01  2.0282E+01  1.7715E-01  1.1161E+00  4.1334E-01
  2.1000E+01  3.2192E+00  1.8172E+01  4.9069E+01  2.0282E+01  1.7715E-01  1.1161E+00  4.1334E-01
  2.1000E+01  3.2192E+00  1.8172E+01  4.9069E+01  2.0282E+01  1.7715E-01  1.1161E+00  4.1334E-01
  2.1000E+01  3.2192E+00  1.8172E+01  4.9069E+01  2.0282E+01  1.7715E-01  1.1161E+00  4.1334E-01
  2.1000E+01  3.2192E+00  1.8172E+01  4.9069E+01  2.0282E+01  1.7715E-01  1.1161E+00  4.1334E-01
  2.1000E+01  3.2192E+00  1.8172E+01  4.9069E+01  2.0282E+01  1.7715E-01  1.1161E+00  4.1334E-01
  2.1000E+01  3.2192E+00  1.8172E+01  4.9069E+01  2.0282E+01  1.7715E-01  1.1161E+00  4.1334E-01
  2.1000E+01  3.2192E+00  1.8172E+01  4.9069E+01  2.0282E+01  1.7715E-01  1.1161E+00  4.1334E-01
  2.1000E+01  3.2192E+00  1.8172E+01  4.9069E+01  2.0282E+01  1.7715E-01  1.1161E+00  4.1334E-01
  2.1000E+01  3.2192E+00  1.8172E+01  4.9069E+01  2.0282E+01  1.7715E-01  1.1161E+00  4.1334E-01
  2.1000E+01  3.2192E+00  1.8172E+01  4.9069E+01  2.0282E+01  1.7715E-01  1.1161E+00  4.1334E-01
  2.1000E+01  3.2192E+00  1.8172E+01  4.9069E+01  2.0282E+01  1.7715E-01  1.1161E+00  4.1334E-01
  2.1000E+01  3.2192E+00  1.8172E+01  4.9069E+01  2.0282E+01  1.7715E-01  1.1161E+00  4.1334E-01
  2.1000E+01  3.2192E+00  1.8172E+01  4.9069E+01  2.0282E+01  1.7715E-01  1.1161E+00  4.1334E-01
  2.1000E+01  3.2192E+00  1.8172E+01  4.9069E+01  2.0282E+01  1.7715E-01  1.1161E+00  4.1334E-01
  2.2000E+01  2.5436E+00  2.4495E+01  4.9069E+01  2.0282E+01  1.0384E-01  8.2802E-01  4.1334E-01
  2.2000E+01  2.5436E+00  2.4495E+01  4.9069E+01  2.0282E+01  1.0384E-01  8.2802E-01  4.1334E-01
  2.2000E+01  2.5436E+00  2.4495E+01  4.9069E+01  2.0282E+01  1.0384E-01  8.2802E-01  4.1334E-01
  2.2000E+01  2.5436E+00  2.4495E+01  4.9069E+01  2.0282E+01  1.0384E-01  8.2802E-01  4.1334E-01
  2.2000E+01  2.5436E+00  2.4495E+01  4.9069E+01  2.0282E+01  1.0384E-01  8.2802E-01  4.1334E-01
  2.2000E+01  2.5436E+00  2.4495E+01  4.9069E+01  2.0282E+01  1.0384E-01  8.2802E-01  4.1334E-01
  2.2000E+01  2.5436E+00  2.4495E+01  4.9069E+01  2.0282E+01  1.0384E-01  8.2802E-01  4.1334E-01
  2.2000E+01  2.5436E+00  2.4495E+01  4.9069E+01  2.0282E+01  1.0384E-01  8.2802E-01  4.1334E-01
  2.2000E+01  2.5436E+00  2.4495E+01  4.9069E+01  2.0282E+01  1.0384E-01  8.2802E-01  4.1334E-01
  2.2000E+01  2.5436E+00  2.4495E+01  4.9069E+01  2.0282E+01  1.0384E-01  8.2802E-01  4.1334E-01
  2.2000E+01  2.5436E+00  2.4495E+01  4.9069E+01  2.0282E+01  1.0384E-01  8.2802E-01  4.1334E-01
  2.2000E+01  2.5436E+00  2.4495E+01  4.9069E+01  2.0282E+01  1.0384E-01  8.2802E-01  4.1334E-01
  2.2000E+01  2.5436E+00  2.4495E+01  4.9069E+01  2.0282E+01  1.0384E-01  8.2802E-01  4.1334E-01
  2.2000E+01  2.5436E+00  2.4495E+01  4.9069E+01  2.0282E+01  1.0384E-01  8.2802E-01  4.1334E-01
  2.2000E+01  2.5436E+00  2.4495E+01  4.9069E+01  2.0282E+01  1.0384E-01  8.2802E-01  4.1334E-01
  2.2000E+01  2.5436E+00  2.4495E+01  4.9069E+01  2.0282E+01  1.0384E-01  8.2802E-01  4.1334E-01
  2.2000E+01  2.5436E+00  2.4495E+01  4.9069E+01  2.0282E+01  1.0384E-01  8.2802E-01  4.1334E-01
  2.2000E+01  2.5436E+00  2.4495E+01  4.9069E+01  2.0282E+01  1.0384E-01  8.2802E-01  4.1334E-01
  2.2000E+01  2.5436E+00  2.4495E+01  4.9069E+01  2.0282E+01  1.0384E-01  8.2802E-01  4.1334E-01
  2.2000E+01  2.5436E+00  2.4495E+01  4.9069E+01  2.0282E+01  1.0384E-01  8.2802E-01  4.1334E-01
  2.2000E+01  2.5436E+00  2.4495E+01  4.9069E+01  2.0282E+01  1.0384E-01  8.2802E-01  4.1334E-01
  2.2000E+01  2.5436E+00  2.4495E+01  4.9069E+01  2.0282E+01  1.0384E-01  8.2802E-01  4.1334E-01
  2.2000E+01  2.5436E+00  2.4495E+01  4.9069E+01  2.0282E+01  1.0384E-01  8.2802E-01  4.1334E-01
  2.2000E+01  2.5436E+00  2.4495E+01  4.9069E+01  2.0282E+01  1.0384E-01  8.2802E-01  4.1334E-01
  2.2000E+01  2.5436E+00  2.4495E+01  4.9069E+01  2.0282E+01  1.0384E-01  8.2802E-01  4.1334E-01
  2.2000E+01  2.5436E+00  2.4495E+01  4.9069E+01  2.0282E+01  1.0384E-01  8.2802E-01  4.1334E-01
  2.2000E+01  2.5436E+00  2.4495E+01  4.9069E+01  2.0282E+01  1.0384E-01  8.2802E-01  4.1334E-01
  2.2000E+01  2.5436E+00  2.4495E+01  4.9069E+01  2.0282E+01  1.0384E-01  8.2802E-01  4.1334E-01
  2.2000E+01  2.5436E+00  2.4495E+01  4.9069E+01  2.0282E+01  1.0384E-01  8.2802E-01  4.1334E-01
  2.2000E+01  2.5436E+00  2.4495E+01  4.9069E+01  2.0282E+01  1.0384E-01  8.2802E-01  4.1334E-01
  2.2000E+01  2.5436E+00  2.4495E+01  4.9069E+01  2.0282E+01  1.0384E-01  8.2802E-01  4.1334E-01
  2.3000E+01  1.4050E+01  1.0248E+02  4.9069E+01  2.0282E+01  1.3710E-01  1.9791E-01  4.1334E-01
  2.3000E+01  1.4050E+01  1.0248E+02  4.9069E+01  2.0282E+01  1.3710E-01  1.9791E-01  4.1334E-01
  2.3000E+01  1.4050E+01  1.0248E+02  4.9069E+01  2.0282E+01  1.3710E-01  1.9791E-01  4.1334E-01
  2.3000E+01  1.4050E+01  1.0248E+02  4.9069E+01  2.0282E+01  1.3710E-01  1.9791E-01  4.1334E-01
  2.3000E+01  1.4050E+01  1.0248E+02  4.9069E+01  2.0282E+01  1.3710E-01  1.9791E-01  4.1334E-01
  2.3000E+01  1.4050E+01  1.0248E+02  4.9069E+01  2.0282E+01  1.3710E-01  1.9791E-01  4.1334E-01
  2.3000E+01  1.4050E+01  1.0248E+02  4.9069E+01  2.0282E+01  1.3710E-01  1.9791E-01  4.1334E-01
  2.3000E+01  1.4050E+01  1.0248E+02  4.9069E+01  2.0282E+01  1.3710E-01  1.9791E-01  4.1334E-01
  2.3000E+01  1.4050E+01  1.0248E+02  4.9069E+01  2.0282E+01  1.3710E-01  1.9791E-01  4.1334E-01
  2.3000E+01  1.4050E+01  1.0248E+02  4.9069E+01  2.0282E+01  1.3710E-01  1.9791E-01  4.1334E-01
  2.3000E+01  1.4050E+01  1.0248E+02  4.9069E+01  2.0282E+01  1.3710E-01  1.9791E-01  4.1334E-01
  2.3000E+01  1.4050E+01  1.0248E+02  4.9069E+01  2.0282E+01  1.3710E-01  1.9791E-01  4.1334E-01
  2.3000E+01  1.4050E+01  1.0248E+02  4.9069E+01  2.0282E+01  1.3710E-01  1.9791E-01  4.1334E-01
  2.3000E+01  1.4050E+01  1.0248E+02  4.9069E+01  2.0282E+01  1.3710E-01  1.9791E-01  4.1334E-01
  2.3000E+01  1.4050E+01  1.0248E+02  4.9069E+01  2.0282E+01  1.3710E-01  1.9791E-01  4.1334E-01
  2.3000E+01  1.4050E+01  1.0248E+02  4.9069E+01  2.0282E+01  1.3710E-01  1.9791E-01  4.1334E-01
  2.3000E+01  1.4050E+01  1.0248E+02  4.9069E+01  2.0282E+01  1.3710E-01  1.9791E-01  4.1334E-01
  2.3000E+01  1.4050E+01  1.0248E+02  4.9069E+01  2.0282E+01  1.3710E-01  1.9791E-01  4.1334E-01
  2.3000E+01  1.4050E+01  1.0248E+02  4.9069E+01  2.0282E+01  1.3710E-01  1.9791E-01  4.1334E-01
  2.3000E+01  1.4050E+01  1.0248E+02  4.9069E+01  2.0282E+01  1.3710E-01  1.9791E-01  4.1334E-01
  2.3000E+01  1.4050E+01  1.0248E+02  4.9069E+01  2.0282E+01  1.3710E-01  1.9791E-01  4.1334E-01
  2.3000E+01  1.4050E+01  1.0248E+02  4.9069E+01  2.0282E+01  1.3710E-01  1.9791E-01  4.1334E-01
  2.3000E+01  1.4050E+01  1.0248E+02  4.9069E+01  2.0282E+01  1.3710E-01  1.9791E-01  4.1334E-01
  2.3000E+01  1.4050E+01  1.0248E+02  4.9069E+01  2.0282E+01  1.3710E-01  1.9791E-01  4.1334E-01
  2.3000E+01  1.4050E+01  1.0248E+02  4.9069E+01  2.0282E+01  1.3710E-01  1.9791E-01  4.1334E-01
  2.3000E+01  1.4050E+01  1.0248E+02  4.9069E+01  2.0282E+01  1.3710E-01  1.9791E-01  4.1334E-01
  2.3000E+01  1.4050E+01  1.0248E+02  4.9069E+01  2.0282E+01  1.3710E-01  1.9791E-01  4.1334E-01
  2.3000E+01  1.4050E+01  1.0248E+02  4.9069E+01  2.0282E+01  1.3710E-01  1.9791E-01  4.1334E-01
  2.3000E+01  1.4050E+01  1.0248E+02  4.9069E+01  2.0282E+01  1.3710E-01  1.9791E-01  4.1334E-01
  2.3000E+01  1.4050E+01  1.0248E+02  4.9069E+01  2.0282E+01  1.3710E-01  1.9791E-01  4.1334E-01
  2.3000E+01  1.4050E+01  1.0248E+02  4.9069E+01  2.0282E+01  1.3710E-01  1.9791E-01  4.1334E-01
  2.4000E+01  9.8914E+00  5.9236E+01  4.9069E+01  2.0282E+01  1.6698E-01  3.4239E-01  4.1334E-01
  2.4000E+01  9.8914E+00  5.9236E+01  4.9069E+01  2.0282E+01  1.6698E-01  3.4239E-01  4.1334E-01
  2.4000E+01  9.8914E+00  5.9236E+01  4.9069E+01  2.0282E+01  1.6698E-01  3.4239E-01  4.1334E-01
  2.4000E+01  9.8914E+00  5.9236E+01  4.9069E+01  2.0282E+01  1.6698E-01  3.4239E-01  4.1334E-01
  2.4000E+01  9.8914E+00  5.9236E+01  4.9069E+01  2.0282E+01  1.6698E-01  3.4239E-01  4.1334E-01
  2.4000E+01  9.8914E+00  5.9236E+01  4.9069E+01  2.0282E+01  1.6698E-01  3.4239E-01  4.1334E-01
  2.4000E+01  9.8914E+00  5.9236E+01  4.9069E+01  2.0282E+01  1.6698E-01  3.4239E-01  4.1334E-01
  2.4000E+01  9.8914E+00  5.9236E+01  4.9069E+01  2.0282E+01  1.6698E-01  3.4239E-01  4.1334E-01
  2.4000E+01  9.8914E+00  5.9236E+01  4.9069E+01  2.0282E+01  1.6698E-01  3.4239E-01  4.1334E-01
  2.4000E+01  9.8914E+00  5.9236E+01  4.9069E+01  2.0282E+01  1.6698E-01  3.4239E-01  4.1334E-01
  2.4000E+01  9.8914E+00  5.9236E+01  4.9069E+01  2.0282E+01  1.6698E-01  3.4239E-01  4.1334E-01
  2.4000E+01  9.8914E+00  5.9236E+01  4.9069E+01  2.0282E+01  1.6698E-01  3.4239E-01  4.1334E-01
  2.4000E+01  9.8914E+00  5.9236E+01  4.9069E+01  2.0282E+01  1.6698E-01  3.4239E-01  4.1334E-01
  2.4000E+01  9.8914E+00  5.9236E+01  4.9069E+01  2.0282E+01  1.6698E-01  3.4239E-01  4.1334E-01
  2.4000E+01  9.8914E+00  5.9236E+01  4.9069E+01  2.0282E+01  1.6698E-01  3.4239E-01  4.1334E-01
  2.4000E+01  9.8914E+00  5.9236E+01  4.9069E+01  2.0282E+01  1.6698E-01  3.4239E-01  4.1334E-01
  2.4000E+01  9.8914E+00  5.9236E+01  4.9069E+01  2.0282E+01  1.6698E-01  3.4239E-01  4.1334E-01
  2.4000E+01  9.8914E+00  5.9236E+01  4.9069E+01  2.0282E+01  1.6698E-01  3.4239E-01  4.1334E-01
  2.4000E+01  9.8914E+00  5.9236E+01  4.9069E+01  2.0282E+01  1.6698E-01  3.4239E-01  4.1334E-01
  2.4000E+01  9.8914E+00  5.9236E+01  4.9069E+01  2.0282E+01  1.6698E-01  3.4239E-01  4.1334E-01
  2.4000E+01  9.8914E+00  5.9236E+01  4.9069E+01  2.0282E+01  1.6698E-01  3.4239E-01  4.1334E-01
  2.4000E+01  9.8914E+00  5.9236E+01  4.9069E+01  2.0282E+01  1.6698E-01  3.4239E-01  4.1334E-01
  2.4000E+01  9.8914E+00  5.9236E+01  4.9069E+01  2.0282E+01  1.6698E-01  3.4239E-01  4.1334E-01
  2.4000E+01  9.8914E+00  5.9236E+01  4.9069E+01  2.0282E+01  1.6698E-01  3.4239E-01  4.1334E-01
  2.4000E+01  9.8914E+00  5.9236E+01  4.9069E+01  2.0282E+01  1.6698E-01  3.4239E-01  4.1334E-01
  2.4000E+01  9.8914E+00  5.9236E+01  4.9069E+01  2.0282E+01  1.6698E-01  3.4239E-01  4.1334E-01
  2.4000E+01  9.8914E+00  5.9236E+01  4.9069E+01  2.0282E+01  1.6698E-01  3.4239E-01  4.1334E-01
  2.4000E+01  9.8914E+00  5.9236E+01  4.9069E+01  2.0282E+01  1.6698E-01  3.4239E-01  4.1334E-01
  2.4000E+01  9.8914E+00  5.9236E+01  4.9069E+01  2.0282E+01  1.6698E-01  3.4239E-01  4.1334E-01
  2.4000E+01  9.8914E+00  5.9236E+01  4.9069E+01  2.0282E+01  1.6698E-01  3.4239E-01  4.1334E-01
  2.4000E+01  9.8914E+00  5.9236E+01  4.9069E+01  2.0282E+01  1.6698E-01  3.4239E-01  4.1334E-01
  2.5000E+01  5.3353E+00  2.7308E+01  4.9069E+01  2.0282E+01  1.9538E-01  7.4273E-01  4.1334E-01
  2.5000E+01  5.3353E+00  2.7308E+01  4.9069E+01  2.0282E+01  1.9538E-01  7.4273E-01  4.1334E-01
  2.5000E+01  5.3353E+00  2.7308E+01  4.9069E+01  2.0282E+01  1.9538E-01  7.4273E-01  4.1334E-01
  2.5000E+01  5.3353E+00  2.7308E+01  4.9069E+01  2.0282E+01  1.9538E-01  7.4273E-01  4.1334E-01
  2.5000E+01  5.3353E+00  2.7308E+01  4.9069E+01  2.0282E+01  1.9538E-01  7.4273E-01  4.1334E-01
  2.5000E+01  5.3353E+00  2.7308E+01  4.9069E+01  2.0282E+01  1.9538E-01  7.4273E-01  4.1334E-01
  2.5000E+01  5.3353E+00  2.7308E+01  4.9069E+01  2.0282E+01  1.9538E-01  7.4273E-01  4.1334E-01
  2.5000E+01  5.3353E+00  2.7308E+01  4.9069E+01  2.0282E+01  1.9538E-01  7.4273E-01  4.1334E-01
  2.5000E+01  5.3353E+00  2.7308E+01  4.9069E+01  2.0282E+01  1.9538E-01  7.4273E-01  4.1334E-01
  2.5000E+01  5.3353E+00  2.7308E+01  4.9069E+01  2.0282E+01  1.9538E-01  7.4273E-01  4.1334E-01
  2.5000E+01  5.3353E+00  2.7308E+01  4.9069E+01  2.0282E+01  1.9538E-01  7.4273E-01  4.1334E-01
  2.5000E+01  5.3353E+00  2.7308E+01  4.9069E+01  2.0282E+01  1.9538E-01  7.4273E-01  4.1334E-01
  2.5000E+01  5.3353E+00  2.7308E+01  4.9069E+01  2.0282E+01  1.9538E-01  7.4273E-01  4.1334E-01
  2.5000E+01  5.3353E+00  2.7308E+01  4.9069E+01  2.0282E+01  1.9538E-01  7.4273E-01  4.1334E-01
  2.5000E+01  5.3353E+00  2.7308E+01  4.9069E+01  2.0282E+01  1.9538E-01  7.4273E-01  4.1334E-01
  2.5000E+01  5.3353E+00  2.7308E+01  4.9069E+01  2.0282E+01  1.9538E-01  7.4273E-01  4.1334E-01
  2.5000E+01  5.3353E+00  2.7308E+01  4.9069E+01  2.0282E+01  1.9538E-01  7.4273E-01  4.1334E-01
  2.5000E+01  5.3353E+00  2.7308E+01  4.9069E+01  2.0282E+01  1.9538E-01  7.4273E-01  4.1334E-01
  2.5000E+01  5.3353E+00  2.7308E+01  4.9069E+01  2.0282E+01  1.9538E-01  7.4273E-01  4.1334E-01
  2.5000E+01  5.3353E+00  2.7308E+01  4.9069E+01  2.0282E+01  1.9538E-01  7.4273E-01  4.1334E-01
  2.5000E+01  5.3353E+00  2.7308E+01  4.9069E+01  2.0282E+01  1.9538E-01  7.4273E-01  4.1334E-01
  2.5000E+01  5.3353E+00  2.7308E+01  4.9069E+01  2.0282E+01  1.9538E-01  7.4273E-01  4.1334E-01
  2.5000E+01  5.3353E+00  2.7308E+01  4.9069E+01  2.0282E+01  1.9538E-01  7.4273E-01  4.1334E-01
  2.5000E+01  5.3353E+00  2.7308E+01  4.9069E+01  2.0282E+01  1.9538E-01  7.4273E-01  4.1334E-01
  2.5000E+01  5.3353E+00  2.7308E+01  4.9069E+01  2.0282E+01  1.9538E-01  7.4273E-01  4.1334E-01
  2.5000E+01  5.3353E+00  2.7308E+01  4.9069E+01  2.0282E+01  1.9538E-01  7.4273E-01  4.1334E-01
  2.5000E+01  5.3353E+00  2.7308E+01  4.9069E+01  2.0282E+01  1.9538E-01  7.4273E-01  4.1334E-01
  2.5000E+01  5.3353E+00  2.7308E+01  4.9069E+01  2.0282E+01  1.9538E-01  7.4273E-01  4.1334E-01
  2.5000E+01  5.3353E+00  2.7308E+01  4.9069E+01  2.0282E+01  1.9538E-01  7.4273E-01  4.1334E-01
  2.5000E+01  5.3353E+00  2.7308E+01  4.9069E+01  2.0282E+01  1.9538E-01  7.4273E-01  4.1334E-01
  2.5000E+01  5.3353E+00  2.7308E+01  4.9069E+01  2.0282E+01  1.9538E-01  7.4273E-01  4.1334E-01
  2.6000E+01  1.3587E+01  1.3160E+02  4.9069E+01  2.0282E+01  1.0325E-01  1.5412E-01  4.1334E-01
  2.6000E+01  1.3587E+01  1.3160E+02  4.9069E+01  2.0282E+01  1.0325E-01  1.5412E-01  4.1334E-01
  2.6000E+01  1.3587E+01  1.3160E+02  4.9069E+01  2.0282E+01  1.0325E-01  1.5412E-01  4.1334E-01
  2.6000E+01  1.3587E+01  1.3160E+02  4.9069E+01  2.0282E+01  1.0325E-01  1.5412E-01  4.1334E-01
  2.6000E+01  1.3587E+01  1.3160E+02  4.9069E+01  2.0282E+01  1.0325E-01  1.5412E-01  4.1334E-01
  2.6000E+01  1.3587E+01  1.3160E+02  4.9069E+01  2.0282E+01  1.0325E-01  1.5412E-01  4.1334E-01
  2.6000E+01  1.3587E+01  1.3160E+02  4.9069E+01  2.0282E+01  1.0325E-01  1.5412E-01  4.1334E-01
  2.6000E+01  1.3587E+01  1.3160E+02  4.9069E+01  2.0282E+01  1.0325E-01  1.5412E-01  4.1334E-01
  2.6000E+01  1.3587E+01  1.3160E+02  4.9069E+01  2.0282E+01  1.0325E-01  1.5412E-01  4.1334E-01
  2.6000E+01  1.3587E+01  1.3160E+02  4.9069E+01  2.0282E+01  1.0325E-01  1.5412E-01  4.1334E-01
  2.6000E+01  1.3587E+01  1.3160E+02  4.9069E+01  2.0282E+01  1.0325E-01  1.5412E-01  4.1334E-01
  2.6000E+01  1.3587E+01  1.3160E+02  4.9069E+01  2.0282E+01  1.0325E-01  1.5412E-01  4.1334E-01
  2.6000E+01  1.3587E+01  1.3160E+02  4.9069E+01  2.0282E+01  1.0325E-01  1.5412E-01  4.1334E-01
  2.6000E+01  1.3587E+01  1.3160E+02  4.9069E+01  2.0282E+01  1.0325E-01  1.5412E-01  4.1334E-01
  2.6000E+01  1.3587E+01  1.3160E+02  4.9069E+01  2.0282E+01  1.0325E-01  1.5412E-01  4.1334E-01
  2.6000E+01  1.3587E+01  1.3160E+02  4.9069E+01  2.0282E+01  1.0325E-01  1.5412E-01  4.1334E-01
  2.6000E+01  1.3587E+01  1.3160E+02  4.9069E+01  2.0282E+01  1.0325E-01  1.5412E-01  4.1334E-01
  2.6000E+01  1.3587E+01  1.3160E+02  4.9069E+01  2.0282E+01  1.0325E-01  1.5412E-01  4.1334E-01
  2.6000E+01  1.3587E+01  1.3160E+02  4.9069E+01  2.0282E+01  1.0325E-01  1.5412E-01  4.1334E-01
  2.6000E+01  1.3587E+01  1.3160E+02  4.9069E+01  2.0282E+01  1.0325E-01  1.5412E-01  4.1334E-01
  2.6000E+01  1.3587E+01  1.3160E+02  4.9069E+01  2.0282E+01  1.0325E-01  1.5412E-01  4.1334E-01
  2.6000E+01  1.3587E+01  1.3160E+02  4.9069E+01  2.0282E+01  1.0325E-01  1.5412E-01  4.1334E-01
  2.6000E+01  1.3587E+01  1.3160E+02  4.9069E+01  2.0282E+01  1.0325E-01  1.5412E-01  4.1334E-01
  2.6000E+01  1.3587E+01  1.3160E+02  4.9069E+01  2.0282E+01  1.0325E-01  1.5412E-01  4.1334E-01
  2.6000E+01  1.3587E+01  1.3160E+02  4.9069E+01  2.0282E+01  1.0325E-01  1.5412E-01  4.1334E-01
  2.6000E+01  1.3587E+01  1.3160E+02  4.9069E+01  2.0282E+01  1.0325E-01  1.5412E-01  4.1334E-01
  2.6000E+01  1.3587E+01  1.3160E+02  4.9069E+01  2.0282E+01  1.0325E-01  1.5412E-01  4.1334E-01
  2.6000E+01  1.3587E+01  1.3160E+02  4.9069E+01  2.0282E+01  1.0325E-01  1.5412E-01  4.1334E-01
  2.6000E+01  1.3587E+01  1.3160E+02  4.9069E+01  2.0282E+01  1.0325E-01  1.5412E-01  4.1334E-01
  2.6000E+01  1.3587E+01  1.3160E+02  4.9069E+01  2.0282E+01  1.0325E-01  1.5412E-01  4.1334E-01
  2.6000E+01  1.3587E+01  1.3160E+02  4.9069E+01  2.0282E+01  1.0325E-01  1.5412E-01  4.1334E-01
  2.7000E+01  8.1432E+00  4.9344E+01  4.9069E+01  2.0282E+01  1.6503E-01  4.1104E-01  4.1334E-01
  2.7000E+01  8.1432E+00  4.9344E+01  4.9069E+01  2.0282E+01  1.6503E-01  4.1104E-01  4.1334E-01
  2.7000E+01  8.1432E+00  4.9344E+01  4.9069E+01  2.0282E+01  1.6503E-01  4.1104E-01  4.1334E-01
  2.7000E+01  8.1432E+00  4.9344E+01  4.9069E+01  2.0282E+01  1.6503E-01  4.1104E-01  4.1334E-01
  2.7000E+01  8.1432E+00  4.9344E+01  4.9069E+01  2.0282E+01  1.6503E-01  4.1104E-01  4.1334E-01
  2.7000E+01  8.1432E+00  4.9344E+01  4.9069E+01  2.0282E+01  1.6503E-01  4.1104E-01  4.1334E-01
  2.7000E+01  8.1432E+00  4.9344E+01  4.9069E+01  2.0282E+01  1.6503E-01  4.1104E-01  4.1334E-01
  2.7000E+01  8.1432E+00  4.9344E+01  4.9069E+01  2.0282E+01  1.6503E-01  4.1104E-01  4.1334E-01
  2.7000E+01  8.1432E+00  4.9344E+01  4.9069E+01  2.0282E+01  1.6503E-01  4.1104E-01  4.1334E-01
  2.7000E+01  8.1432E+00  4.9344E+01  4.9069E+01  2.0282E+01  1.6503E-01  4.1104E-01  4.1334E-01
  2.7000E+01  8.1432E+00  4.9344E+01  4.9069E+01  2.0282E+01  1.6503E-01  4.1104E-01  4.1334E-01
  2.7000E+01  8.1432E+00  4.9344E+01  4.9069E+01  2.0282E+01  1.6503E-01  4.1104E-01  4.1334E-01
  2.7000E+01  8.1432E+00  4.9344E+01  4.9069E+01  2.0282E+01  1.6503E-01  4.1104E-01  4.1334E-01
  2.7000E+01  8.1432E+00  4.9344E+01  4.9069E+01  2.0282E+01  1.6503E-01  4.1104E-01  4.1334E-01
  2.7000E+01  8.1432E+00  4.9344E+01  4.9069E+01  2.0282E+01  1.6503E-01  4.1104E-01  4.1334E-01
  2.7000E+01  8.1432E+00  4.9344E+01  4.9069E+01  2.0282E+01  1.6503E-01  4.1104E-01  4.1334E-01
  2.7000E+01  8.1432E+00  4.9344E+01  4.9069E+01  2.0282E+01  1.6503E-01  4.1104E-01  4.1334E-01
  2.7000E+01  8.1432E+00  4.9344E+01  4.9069E+01  2.0282E+01  1.6503E-01  4.1104E-01  4.1334E-01
  2.7000E+01  8.1432E+00  4.9344E+01  4.9069E+01  2.0282E+01  1.6503E-01  4.1104E-01  4.1334E-01
  2.7000E+01  8.1432E+00  4.9344E+01  4.9069E+01  2.0282E+01  1.6503E-01  4.1104E-01  4.1334E-01
  2.7000E+01  8.1432E+00  4.9344E+01  4.9069E+01  2.0282E+01  1.6503E-01  4.1104E-01  4.1334E-01
  2.7000E+01  8.1432E+00  4.9344E+01  4.9069E+01  2.0282E+01  1.6503E-01  4.1104E-01  4.1334E-01
  2.7000E+01  8.1432E+00  4.9344E+01  4.9069E+01  2.0282E+01  1.6503E-01  4.1104E-01  4.1334E-01
  2.7000E+01  8.1432E+00  4.9344E+01  4.9069E+01  2.0282E+01  1.6503E-01  4.1104E-01  4.1334E-01
  2.7000E+01  8.1432E+00  4.9344E+01  4.9069E+01  2.0282E+01  1.6503E-01  4.1104E-01  4.1334E-01
  2.7000E+01  8.1432E+00  4.9344E+01  4.9069E+01  2.0282E+01  1.6503E-01  4.1104E-01  4.1334E-01
  2.7000E+01  8.1432E+00  4.9344E+01  4.9069E+01  2.0282E+01  1.6503E-01  4.1104E-01  4.1334E-01
  2.7000E+01  8.1432E+00  4.9344E+01  4.9069E+01  2.0282E+01  1.6503E-01  4.1104E-01  4.1334E-01
  2.7000E+01  8.1432E+00  4.9344E+01  4.9069E+01  2.0282E+01  1.6503E-01  4.1104E-01  4.1334E-01
  2.7000E+01  8.1432E+00  4.9344E+01  4.9069E+01  2.0282E+01  1.6503E-01  4.1104E-01  4.1334E-01
  2.7000E+01  8.1432E+00  4.9344E+01  4.9069E+01  2.0282E+01  1.6503E-01  4.1104E-01  4.1334E-01
  2.8000E+01  5.4975E+00  4.3330E+01  4.9069E+01  2.0282E+01  1.2687E-01  4.6808E-01  4.1334E-01
  2.8000E+01  5.4975E+00  4.3330E+01  4.9069E+01  2.0282E+01  1.2687E-01  4.6808E-01  4.1334E-01
  2.8000E+01  5.4975E+00  4.3330E+01  4.9069E+01  2.0282E+01  1.2687E-01  4.6808E-01  4.1334E-01
  2.8000E+01  5.4975E+00  4.3330E+01  4.9069E+01  2.0282E+01  1.2687E-01  4.6808E-01  4.1334E-01
  2.8000E+01  5.4975E+00  4.3330E+01  4.9069E+01  2.0282E+01  1.2687E-01  4.6808E-01  4.1334E-01
  2.8000E+01  5.4975E+00  4.3330E+01  4.9069E+01  2.0282E+01  1.2687E-01  4.6808E-01  4.1334E-01
  2.8000E+01  5.4975E+00  4.3330E+01  4.9069E+01  2.0282E+01  1.2687E-01  4.6808E-01  4.1334E-01
  2.8000E+01  5.4975E+00  4.3330E+01  4.9069E+01  2.0282E+01  1.2687E-01  4.6808E-01  4.1334E-01
  2.8000E+01  5.4975E+00  4.3330E+01  4.9069E+01  2.0282E+01  1.2687E-01  4.6808E-01  4.1334E-01
  2.8000E+01  5.4975E+00  4.3330E+01  4.9069E+01  2.0282E+01  1.2687E-01  4.6808E-01  4.1334E-01
  2.8000E+01  5.4975E+00  4.3330E+01  4.9069E+01  2.0282E+01  1.2687E-01  4.6808E-01  4.1334E-01
  2.8000E+01  5.4975E+00  4.3330E+01  4.9069E+01  2.0282E+01  1.2687E-01  4.6808E-01  4.1334E-01
  2.8000E+01  5.4975E+00  4.3330E+01  4.9069E+01  2.0282E+01  1.2687E-01  4.6808E-01  4.1334E-01
  2.8000E+01  5.4975E+00  4.3330E+01  4.9069E+01  2.0282E+01  1.2687E-01  4.6808E-01  4.1334E-01
  2.8000E+01  5.4975E+00  4.3330E+01  4.9069E+01  2.0282E+01  1.2687E-01  4.6808E-01  4.1334E-01
  2.8000E+01  5.4975E+00  4.3330E+01  4.9069E+01  2.0282E+01  1.2687E-01  4.6808E-01  4.1334E-01
  2.8000E+01  5.4975E+00  4.3330E+01  4.9069E+01  2.0282E+01  1.2687E-01  4.6808E-01  4.1334E-01
  2.8000E+01  5.4975E+00  4.3330E+01  4.9069E+01  2.0282E+01  1.2687E-01  4.6808E-01  4.1334E-01
  2.8000E+01  5.4975E+00  4.3330E+01  4.9069E+01  2.0282E+01  1.2687E-01  4.6808E-01  4.1334E-01
  2.8000E+01  5.4975E+00  4.3330E+01  4.9069E+01  2.0282E+01  1.2687E-01  4.6808E-01  4.1334E-01
  2.8000E+01  5.4975E+00  4.3330E+01  4.9069E+01  2.0282E+01  1.2687E-01  4.6808E-01  4.1334E-01
  2.8000E+01  5.4975E+00  4.3330E+01  4.9069E+01  2.0282E+01  1.2687E-01  4.6808E-01  4.1334E-01
  2.8000E+01  5.4975E+00  4.3330E+01  4.9069E+01  2.0282E+01  1.2687E-01  4.6808E-01  4.1334E-01
  2.8000E+01  5.4975E+00  4.3330E+01  4.9069E+01  2.0282E+01  1.2687E-01  4.6808E-01  4.1334E-01
  2.8000E+01  5.4975E+00  4.3330E+01  4.9069E+01  2.0282E+01  1.2687E-01  4.6808E-01  4.1334E-01
  2.8000E+01  5.4975E+00  4.3330E+01  4.9069E+01  2.0282E+01  1.2687E-01  4.6808E-01  4.1334E-01
  2.8000E+01  5.4975E+00  4.3330E+01  4.9069E+01  2.0282E+01  1.2687E-01  4.6808E-01  4.1334E-01
  2.8000E+01  5.4975E+00  4.3330E+01  4.9069E+01  2.0282E+01  1.2687E-01  4.6808E-01  4.1334E-01
  2.8000E+01  5.4975E+00  4.3330E+01  4.9069E+01  2.0282E+01  1.2687E-01  4.6808E-01  4.1334E-01
  2.8000E+01  5.4975E+00  4.3330E+01  4.9069E+01  2.0282E+01  1.2687E-01  4.6808E-01  4.1334E-01
  2.8000E+01  5.4975E+00  4.3330E+01  4.9069E+01  2.0282E+01  1.2687E-01  4.6808E-01  4.1334E-01
  2.9000E+01  6.7969E+00  3.5158E+01  4.9069E+01  2.0282E+01  1.9332E-01  5.7688E-01  4.1334E-01
  2.9000E+01  6.7969E+00  3.5158E+01  4.9069E+01  2.0282E+01  1.9332E-01  5.7688E-01  4.1334E-01
  2.9000E+01  6.7969E+00  3.5158E+01  4.9069E+01  2.0282E+01  1.9332E-01  5.7688E-01  4.1334E-01
  2.9000E+01  6.7969E+00  3.5158E+01  4.9069E+01  2.0282E+01  1.9332E-01  5.7688E-01  4.1334E-01
  2.9000E+01  6.7969E+00  3.5158E+01  4.9069E+01  2.0282E+01  1.9332E-01  5.7688E-01  4.1334E-01
  2.9000E+01  6.7969E+00  3.5158E+01  4.9069E+01  2.0282E+01  1.9332E-01  5.7688E-01  4.1334E-01
  2.9000E+01  6.7969E+00  3.5158E+01  4.9069E+01  2.0282E+01  1.9332E-01  5.7688E-01  4.1334E-01
  2.9000E+01  6.7969E+00  3.5158E+01  4.9069E+01  2.0282E+01  1.9332E-01  5.7688E-01  4.1334E-01
  2.9000E+01  6.7969E+00  3.5158E+01  4.9069E+01  2.0282E+01  1.9332E-01  5.7688E-01  4.1334E-01
  2.9000E+01  6.7969E+00  3.5158E+01  4.9069E+01  2.0282E+01  1.9332E-01  5.7688E-01  4.1334E-01
  2.9000E+01  6.7969E+00  3.5158E+01  4.9069E+01  2.0282E+01  1.9332E-01  5.7688E-01  4.1334E-01
  2.9000E+01  6.7969E+00  3.5158E+01  4.9069E+01  2.0282E+01  1.9332E-01  5.7688E-01  4.1334E-01
  2.9000E+01  6.7969E+00  3.5158E+01  4.9069E+01  2.0282E+01  1.9332E-01  5.7688E-01  4.1334E-01
  2.9000E+01  6.7969E+00  3.5158E+01  4.9069E+01  2.0282E+01  1.9332E-01  5.7688E-01  4.1334E-01
  2.9000E+01  6.7969E+00  3.5158E+01  4.9069E+01  2.0282E+01  1.9332E-01  5.7688E-01  4.1334E-01
  2.9000E+01  6.7969E+00  3.5158E+01  4.9069E+01  2.0282E+01  1.9332E-01  5.7688E-01  4.1334E-01
  2.9000E+01  6.7969E+00  3.5158E+01  4.9069E+01  2.0282E+01  1.9332E-01  5.7688E-01  4.1334E-01
  2.9000E+01  6.7969E+00  3.5158E+01  4.9069E+01  2.0282E+01  1.9332E-01  5.7688E-01  4.1334E-01
  2.9000E+01  6.7969E+00  3.5158E+01  4.9069E+01  2.0282E+01  1.9332E-01  5.7688E-01  4.1334E-01
  2.9000E+01  6.7969E+00  3.5158E+01  4.9069E+01  2.0282E+01  1.9332E-01  5.7688E-01  4.1334E-01
  2.9000E+01  6.7969E+00  3.5158E+01  4.9069E+01  2.0282E+01  1.9332E-01  5.7688E-01  4.1334E-01
  2.9000E+01  6.7969E+00  3.5158E+01  4.9069E+01  2.0282E+01  1.9332E-01  5.7688E-01  4.1334E-01
  2.9000E+01  6.7969E+00  3.5158E+01  4.9069E+01  2.0282E+01  1.9332E-01  5.7688E-01  4.1334E-01
  2.9000E+01  6.7969E+00  3.5158E+01  4.9069E+01  2.0282E+01  1.9332E-01  5.7688E-01  4.1334E-01
  2.9000E+01  6.7969E+00  3.5158E+01  4.9069E+01  2.0282E+01  1.9332E-01  5.7688E-01  4.1334E-01
  2.9000E+01  6.7969E+00  3.5158E+01  4.9069E+01  2.0282E+01  1.9332E-01  5.7688E-01  4.1334E-01
  2.9000E+01  6.7969E+00  3.5158E+01  4.9069E+01  2.0282E+01  1.9332E-01  5.7688E-01  4.1334E-01
  2.9000E+01  6.7969E+00  3.5158E+01  4.9069E+01  2.0282E+01  1.9332E-01  5.7688E-01  4.1334E-01
  2.9000E+01  6.7969E+00  3.5158E+01  4.9069E+01  2.0282E+01  1.9332E-01  5.7688E-01  4.1334E-01
  2.9000E+01  6.7969E+00  3.5158E+01  4.9069E+01  2.0282E+01  1.9332E-01  5.7688E-01  4.1334E-01
  2.9000E+01  6.7969E+00  3.5158E+01  4.9069E+01  2.0282E+01  1.9332E-01  5.7688E-01  4.1334E-01
  3.0000E+01  6.8716E+00  2.9578E+01  4.9069E+01  2.0282E+01  2.3232E-01  6.8573E-01  4.1334E-01
  3.0000E+01  6.8716E+00  2.9578E+01  4.9069E+01  2.0282E+01  2.3232E-01  6.8573E-01  4.1334E-01
  3.0000E+01  6.8716E+00  2.9578E+01  4.9069E+01  2.0282E+01  2.3232E-01  6.8573E-01  4.1334E-01
  3.0000E+01  6.8716E+00  2.9578E+01  4.9069E+01  2.0282E+01  2.3232E-01  6.8573E-01  4.1334E-01
  3.0000E+01  6.8716E+00  2.9578E+01  4.9069E+01  2.0282E+01  2.3232E-01  6.8573E-01  4.1334E-01
  3.0000E+01  6.8716E+00  2.9578E+01  4.9069E+01  2.0282E+01  2.3232E-01  6.8573E-01  4.1334E-01
  3.0000E+01  6.8716E+00  2.9578E+01  4.9069E+01  2.0282E+01  2.3232E-01  6.8573E-01  4.1334E-01
  3.0000E+01  6.8716E+00  2.9578E+01  4.9069E+01  2.0282E+01  2.3232E-01  6.8573E-01  4.1334E-01
  3.0000E+01  6.8716E+00  2.9578E+01  4.9069E+01  2.0282E+01  2.3232E-01  6.8573E-01  4.1334E-01
  3.0000E+01  6.8716E+00  2.9578E+01  4.9069E+01  2.0282E+01  2.3232E-01  6.8573E-01  4.1334E-01
  3.0000E+01  6.8716E+00  2.9578E+01  4.9069E+01  2.0282E+01  2.3232E-01  6.8573E-01  4.1334E-01
  3.0000E+01  6.8716E+00  2.9578E+01  4.9069E+01  2.0282E+01  2.3232E-01  6.8573E-01  4.1334E-01
  3.0000E+01  6.8716E+00  2.9578E+01  4.9069E+01  2.0282E+01  2.3232E-01  6.8573E-01  4.1334E-01
  3.0000E+01  6.8716E+00  2.9578E+01  4.9069E+01  2.0282E+01  2.3232E-01  6.8573E-01  4.1334E-01
  3.0000E+01  6.8716E+00  2.9578E+01  4.9069E+01  2.0282E+01  2.3232E-01  6.8573E-01  4.1334E-01
  3.0000E+01  6.8716E+00  2.9578E+01  4.9069E+01  2.0282E+01  2.3232E-01  6.8573E-01  4.1334E-01
  3.0000E+01  6.8716E+00  2.9578E+01  4.9069E+01  2.0282E+01  2.3232E-01  6.8573E-01  4.1334E-01
  3.0000E+01  6.8716E+00  2.9578E+01  4.9069E+01  2.0282E+01  2.3232E-01  6.8573E-01  4.1334E-01
  3.0000E+01  6.8716E+00  2.9578E+01  4.9069E+01  2.0282E+01  2.3232E-01  6.8573E-01  4.1334E-01
  3.0000E+01  6.8716E+00  2.9578E+01  4.9069E+01  2.0282E+01  2.3232E-01  6.8573E-01  4.1334E-01
  3.0000E+01  6.8716E+00  2.9578E+01  4.9069E+01  2.0282E+01  2.3232E-01  6.8573E-01  4.1334E-01
  3.0000E+01  6.8716E+00  2.9578E+01  4.9069E+01  2.0282E+01  2.3232E-01  6.8573E-01  4.1334E-01
  3.0000E+01  6.8716E+00  2.9578E+01  4.9069E+01  2.0282E+01  2.3232E-01  6.8573E-01  4.1334E-01
  3.0000E+01  6.8716E+00  2.9578E+01  4.9069E+01  2.0282E+01  2.3232E-01  6.8573E-01  4.1334E-01
  3.0000E+01  6.8716E+00  2.9578E+01  4.9069E+01  2.0282E+01  2.3232E-01  6.8573E-01  4.1334E-01
  3.0000E+01  6.8716E+00  2.9578E+01  4.9069E+01  2.0282E+01  2.3232E-01  6.8573E-01  4.1334E-01
  3.0000E+01  6.8716E+00  2.9578E+01  4.9069E+01  2.0282E+01  2.3232E-01  6.8573E-01  4.1334E-01
  3.0000E+01  6.8716E+00  2.9578E+01  4.9069E+01  2.0282E+01  2.3232E-01  6.8573E-01  4.1334E-01
  3.0000E+01  6.8716E+00  2.9578E+01  4.9069E+01  2.0282E+01  2.3232E-01  6.8573E-01  4.1334E-01
  3.0000E+01  6.8716E+00  2.9578E+01  4.9069E+01  2.0282E+01  2.3232E-01  6.8573E-01  4.1334E-01
  3.0000E+01  6.8716E+00  2.9578E+01  4.9069E+01  2.0282E+01  2.3232E-01  6.8573E-01  4.1334E-01
  3.1000E+01  8.3948E+00  7.1743E+01  4.9069E+01  2.0282E+01  1.1701E-01  2.8271E-01  4.1334E-01
  3.1000E+01  8.3948E+00  7.1743E+01  4.9069E+01  2.0282E+01  1.1701E-01  2.8271E-01  4.1334E-01
  3.1000E+01  8.3948E+00  7.1743E+01  4.9069E+01  2.0282E+01  1.1701E-01  2.8271E-01  4.1334E-01
  3.1000E+01  8.3948E+00  7.1743E+01  4.9069E+01  2.0282E+01  1.1701E-01  2.8271E-01  4.1334E-01
  3.1000E+01  8.3948E+00  7.1743E+01  4.9069E+01  2.0282E+01  1.1701E-01  2.8271E-01  4.1334E-01
  3.1000E+01  8.3948E+00  7.1743E+01  4.9069E+01  2.0282E+01  1.1701E-01  2.8271E-01  4.1334E-01
  3.1000E+01  8.3948E+00  7.1743E+01  4.9069E+01  2.0282E+01  1.1701E-01  2.8271E-01  4.1334E-01
  3.1000E+01  8.3948E+00  7.1743E+01  4.9069E+01  2.0282E+01  1.1701E-01  2.8271E-01  4.1334E-01
  3.1000E+01  8.3948E+00  7.1743E+01  4.9069E+01  2.0282E+01  1.1701E-01  2.8271E-01  4.1334E-01
  3.1000E+01  8.3948E+00  7.1743E+01  4.9069E+01  2.0282E+01  1.1701E-01  2.8271E-01  4.1334E-01
  3.1000E+01  8.3948E+00  7.1743E+01  4.9069E+01  2.0282E+01  1.1701E-01  2.8271E-01  4.1334E-01
  3.1000E+01  8.3948E+00  7.1743E+01  4.9069E+01  2.0282E+01  1.1701E-01  2.8271E-01  4.1334E-01
  3.1000E+01  8.3948E+00  7.1743E+01  4.9069E+01  2.0282E+01  1.1701E-01  2.8271E-01  4.1334E-01
  3.1000E+01  8.3948E+00  7.1743E+01  4.9069E+01  2.0282E+01  1.1701E-01  2.8271E-01  4.1334E-01
  3.1000E+01  8.3948E+00  7.1743E+01  4.9069E+01  2.0282E+01  1.1701E-01  2.8271E-01  4.1334E-01
  3.1000E+01  8.3948E+00  7.1743E+01  4.9069E+01  2.0282E+01  1.1701E-01  2.8271E-01  4.1334E-01
  3.1000E+01  8.3948E+00  7.1743E+01  4.9069E+01  2.0282E+01  1.1701E-01  2.8271E-01  4.1334E-01
  3.1000E+01  8.3948E+00  7.1743E+01  4.9069E+01  2.0282E+01  1.1701E-01  2.8271E-01  4.1334E-01
  3.1000E+01  8.3948E+00  7.1743E+01  4.9069E+01  2.0282E+01  1.1701E-01  2.8271E-01  4.1334E-01
  3.1000E+01  8.3948E+00  7.1743E+01  4.9069E+01  2.0282E+01  1.1701E-01  2.8271E-01  4.1334E-01
  3.1000E+01  8.3948E+00  7.1743E+01  4.9069E+01  2.0282E+01  1.1701E-01  2.8271E-01  4.1334E-01
  3.1000E+01  8.3948E+00  7.1743E+01  4.9069E+01  2.0282E+01  1.1701E-01  2.8271E-01  4.1334E-01
  3.1000E+01  8.3948E+00  7.1743E+01  4.9069E+01  2.0282E+01  1.1701E-01  2.8271E-01  4.1334E-01
  3.1000E+01  8.3948E+00  7.1743E+01  4.9069E+01  2.0282E+01  1.1701E-01  2.8271E-01  4.1334E-01
  3.1000E+01  8.3948E+00  7.1743E+01  4.9069E+01  2.0282E+01  1.1701E-01  2.8271E-01  4.1334E-01
  3.1000E+01  8.3948E+00  7.1743E+01  4.9069E+01  2.0282E+01  1.1701E-01  2.8271E-01  4.1334E-01
  3.1000E+01  8.3948E+00  7.1743E+01  4.9069E+01  2.0282E+01  1.1701E-01  2.8271E-01  4.1334E-01
  3.1000E+01  8.3948E+00  7.1743E+01  4.9069E+01  2.0282E+01  1.1701E-01  2.8271E-01  4.1334E-01
  3.1000E+01  8.3948E+00  7.1743E+01  4.9069E+01  2.0282E+01  1.1701E-01  2.8271E-01  4.1334E-01
  3.1000E+01  8.3948E+00  7.1743E+01  4.9069E+01  2.0282E+01  1.1701E-01  2.8271E-01  4.1334E-01
  3.1000E+01  8.3948E+00  7.1743E+01  4.9069E+01  2.0282E+01  1.1701E-01  2.8271E-01  4.1334E-01
  3.2000E+01  6.0136E+00  3.9798E+01  4.9069E+01  2.0282E+01  1.5110E-01  5.0962E-01  4.1334E-01
  3.2000E+01  6.0136E+00  3.9798E+01  4.9069E+01  2.0282E+01  1.5110E-01  5.0962E-01  4.1334E-01
  3.2000E+01  6.0136E+00  3.9798E+01  4.9069E+01  2.0282E+01  1.5110E-01  5.0962E-01  4.1334E-01
  3.2000E+01  6.0136E+00  3.9798E+01  4.9069E+01  2.0282E+01  1.5110E-01  5.0962E-01  4.1334E-01
  3.2000E+01  6.0136E+00  3.9798E+01  4.9069E+01  2.0282E+01  1.5110E-01  5.0962E-01  4.1334E-01
  3.2000E+01  6.0136E+00  3.9798E+01  4.9069E+01  2.0282E+01  1.5110E-01  5.0962E-01  4.1334E-01
  3.2000E+01  6.0136E+00  3.9798E+01  4.9069E+01  2.0282E+01  1.5110E-01  5.0962E-01  4.1334E-01
  3.2000E+01  6.0136E+00  3.9798E+01  4.9069E+01  2.0282E+01  1.5110E-01  5.0962E-01  4.1334E-01
  3.2000E+01  6.0136E+00  3.9798E+01  4.9069E+01  2.0282E+01  1.5110E-01  5.0962E-01  4.1334E-01
  3.2000E+01  6.0136E+00  3.9798E+01  4.9069E+01  2.0282E+01  1.5110E-01  5.0962E-01  4.1334E-01
  3.2000E+01  6.0136E+00  3.9798E+01  4.9069E+01  2.0282E+01  1.5110E-01  5.0962E-01  4.1334E-01
  3.2000E+01  6.0136E+00  3.9798E+01  4.9069E+01  2.0282E+01  1.5110E-01  5.0962E-01  4.1334E-01
  3.2000E+01  6.0136E+00  3.9798E+01  4.9069E+01  2.0282E+01  1.5110E-01  5.0962E-01  4.1334E-01
  3.2000E+01  6.0136E+00  3.9798E+01  4.9069E+01  2.0282E+01  1.5110E-01  5.0962E-01  4.1334E-01
  3.2000E+01  6.0136E+00  3.9798E+01  4.9069E+01  2.0282E+01  1.5110E-01  5.0962E-01  4.1334E-01
  3.2000E+01  6.0136E+00  3.9798E+01  4.9069E+01  2.0282E+01  1.5110E-01  5.0962E-01  4.1334E-01
  3.2000E+01  6.0136E+00  3.9798E+01  4.9069E+01  2.0282E+01  1.5110E-01  5.0962E-01  4.1334E-01
  3.2000E+01  6.0136E+00  3.9798E+01  4.9069E+01  2.0282E+01  1.5110E-01  5.0962E-01  4.1334E-01
  3.2000E+01  6.0136E+00  3.9798E+01  4.9069E+01  2.0282E+01  1.5110E-01  5.0962E-01  4.1334E-01
  3.2000E+01  6.0136E+00  3.9798E+01  4.9069E+01  2.0282E+01  1.5110E-01  5.0962E-01  4.1334E-01
  3.2000E+01  6.0136E+00  3.9798E+01  4.9069E+01  2.0282E+01  1.5110E-01  5.0962E-01  4.1334E-01
  3.2000E+01  6.0136E+00  3.9798E+01  4.9069E+01  2.0282E+01  1.5110E-01  5.0962E-01  4.1334E-01
  3.2000E+01  6.0136E+00  3.9798E+01  4.9069E+01  2.0282E+01  1.5110E-01  5.0962E-01  4.1334E-01
  3.2000E+01  6.0136E+00  3.9798E+01  4.9069E+01  2.0282E+01  1.5110E-01  5.0962E-01  4.1334E-01
  3.2000E+01  6.0136E+00  3.9798E+01  4.9069E+01  2.0282E+01  1.5110E-01  5.0962E-01  4.1334E-01
  3.2000E+01  6.0136E+00  3.9798E+01  4.9069E+01  2.0282E+01  1.5110E-01  5.0962E-01  4.1334E-01
  3.2000E+01  6.0136E+00  3.9798E+01  4.9069E+01  2.0282E+01  1.5110E-01  5.0962E-01  4.1334E-01
  3.2000E+01  6.0136E+00  3.9798E+01  4.9069E+01  2.0282E+01  1.5110E-01  5.0962E-01  4.1334E-01
  3.2000E+01  6.0136E+00  3.9798E+01  4.9069E+01  2.0282E+01  1.5110E-01  5.0962E-01  4.1334E-01
  3.2000E+01  6.0136E+00  3.9798E+01  4.9069E+01  2.0282E+01  1.5110E-01  5.0962E-01  4.1334E-01
  3.2000E+01  6.0136E+00  3.9798E+01  4.9069E+01  2.0282E+01  1.5110E-01  5.0962E-01  4.1334E-01
  3.3000E+01  1.0009E+01  9.2850E+01  4.9069E+01  2.0282E+01  1.0779E-01  2.1844E-01  4.1334E-01
  3.3000E+01  1.0009E+01  9.2850E+01  4.9069E+01  2.0282E+01  1.0779E-01  2.1844E-01  4.1334E-01
  3.3000E+01  1.0009E+01  9.2850E+01  4.9069E+01  2.0282E+01  1.0779E-01  2.1844E-01  4.1334E-01
  3.3000E+01  1.0009E+01  9.2850E+01  4.9069E+01  2.0282E+01  1.0779E-01  2.1844E-01  4.1334E-01
  3.3000E+01  1.0009E+01  9.2850E+01  4.9069E+01  2.0282E+01  1.0779E-01  2.1844E-01  4.1334E-01
  3.3000E+01  1.0009E+01  9.2850E+01  4.9069E+01  2.0282E+01  1.0779E-01  2.1844E-01  4.1334E-01
  3.3000E+01  1.0009E+01  9.2850E+01  4.9069E+01  2.0282E+01  1.0779E-01  2.1844E-01  4.1334E-01
  3.3000E+01  1.0009E+01  9.2850E+01  4.9069E+01  2.0282E+01  1.0779E-01  2.1844E-01  4.1334E-01
  3.3000E+01  1.0009E+01  9.2850E+01  4.9069E+01  2.0282E+01  1.0779E-01  2.1844E-01  4.1334E-01
  3.3000E+01  1.0009E+01  9.2850E+01  4.9069E+01  2.0282E+01  1.0779E-01  2.1844E-01  4.1334E-01
  3.3000E+01  1.0009E+01  9.2850E+01  4.9069E+01  2.0282E+01  1.0779E-01  2.1844E-01  4.1334E-01
  3.3000E+01  1.0009E+01  9.2850E+01  4.9069E+01  2.0282E+01  1.0779E-01  2.1844E-01  4.1334E-01
  3.3000E+01  1.0009E+01  9.2850E+01  4.9069E+01  2.0282E+01  1.0779E-01  2.1844E-01  4.1334E-01
  3.3000E+01  1.0009E+01  9.2850E+01  4.9069E+01  2.0282E+01  1.0779E-01  2.1844E-01  4.1334E-01
  3.3000E+01  1.0009E+01  9.2850E+01  4.9069E+01  2.0282E+01  1.0779E-01  2.1844E-01  4.1334E-01
  3.3000E+01  1.0009E+01  9.2850E+01  4.9069E+01  2.0282E+01  1.0779E-01  2.1844E-01  4.1334E-01
  3.3000E+01  1.0009E+01  9.2850E+01  4.9069E+01  2.0282E+01  1.0779E-01  2.1844E-01  4.1334E-01
  3.3000E+01  1.0009E+01  9.2850E+01  4.9069E+01  2.0282E+01  1.0779E-01  2.1844E-01  4.1334E-01
  3.3000E+01  1.0009E+01  9.2850E+01  4.9069E+01  2.0282E+01  1.0779E-01  2.1844E-01  4.1334E-01
  3.3000E+01  1.0009E+01  9.2850E+01  4.9069E+01  2.0282E+01  1.0779E-01  2.1844E-01  4.1334E-01
  3.3000E+01  1.0009E+01  9.2850E+01  4.9069E+01  2.0282E+01  1.0779E-01  2.1844E-01  4.1334E-01
  3.3000E+01  1.0009E+01  9.2850E+01  4.9069E+01  2.0282E+01  1.0779E-01  2.1844E-01  4.1334E-01
  3.3000E+01  1.0009E+01  9.2850E+01  4.9069E+01  2.0282E+01  1.0779E-01  2.1844E-01  4.1334E-01
  3.3000E+01  1.0009E+01  9.2850E+01  4.9069E+01  2.0282E+01  1.0779E-01  2.1844E-01  4.1334E-01
  3.3000E+01  1.0009E+01  9.2850E+01  4.9069E+01  2.0282E+01  1.0779E-01  2.1844E-01  4.1334E-01
  3.3000E+01  1.0009E+01  9.2850E+01  4.9069E+01  2.0282E+01  1.0779E-01  2.1844E-01  4.1334E-01
  3.3000E+01  1.0009E+01  9.2850E+01  4.9069E+01  2.0282E+01  1.0779E-01  2.1844E-01  4.1334E-01
  3.3000E+01  1.0009E+01  9.2850E+01  4.9069E+01  2.0282E+01  1.0779E-01  2.1844E-01  4.1334E-01
  3.3000E+01  1.0009E+01  9.2850E+01  4.9069E+01  2.0282E+01  1.0779E-01  2.1844E-01  4.1334E-01
  3.3000E+01  1.0009E+01  9.2850E+01  4.9069E+01  2.0282E+01  1.0779E-01  2.1844E-01  4.1334E-01
  3.3000E+01  1.0009E+01  9.2850E+01  4.9069E+01  2.0282E+01  1.0779E-01  2.1844E-01  4.1334E-01
