Cl_pop,0.09303,-0.00103164,-0.000260558,0.00151857,-0.000466298,0.000125886,1.42219e-05,0.00132865,0.00113647,1.83449e-06,-2.27602e-05
beta_Cl_eGFR,-0.00103164,1.18522e-05,3.03882e-06,-2.22765e-05,9.50278e-06,-1.55974e-06,-3.82638e-07,-1.49295e-05,-1.72074e-05,-5.83321e-09,3.4345e-07
V1_pop,-0.000260558,3.03882e-06,0.00565511,-0.00710569,-0.00239003,5.79101e-05,-0.000127399,-0.000610424,-0.000864922,-1.01257e-06,2.23307e-05
Q_pop,0.00151857,-2.22765e-05,-0.00710569,0.0679331,0.00565231,-0.000385792,0.001049,0.00223619,0.0122498,-4.11247e-07,2.19509e-05
V2_pop,-0.000466298,9.50278e-06,-0.00239003,0.00565231,0.0175545,0.000111794,0.000201222,0.00207891,-0.00439553,-3.1774e-06,0.000102555
omega_Cl,0.000125886,-1.55974e-06,5.79101e-05,-0.000385792,0.000111794,0.00172698,8.55029e-06,0.000237393,0.000165503,9.63035e-07,-1.29463e-05
omega_V1,1.42219e-05,-3.82638e-07,-0.000127399,0.001049,0.000201222,8.55029e-06,0.00270357,0.000205132,0.000145166,8.45616e-07,-1.82672e-05
omega_Q,0.00132865,-1.49295e-05,-0.000610424,0.00223619,0.00207891,0.000237393,0.000205132,0.0261806,0.00107442,8.3296e-06,-0.000126498
omega_V2,0.00113647,-1.72074e-05,-0.000864922,0.0122498,-0.00439553,0.000165503,0.000145166,0.00107442,0.0319441,2.17068e-06,-0.000201199
a1,1.83449e-06,-5.83321e-09,-1.01257e-06,-4.11247e-07,-3.1774e-06,9.63035e-07,8.45616e-07,8.3296e-06,2.17068e-06,6.41763e-07,-5.36015e-06
b1,-2.27602e-05,3.4345e-07,2.23307e-05,2.19509e-05,0.000102555,-1.29463e-05,-1.82672e-05,-0.000126498,-0.000201199,-5.36015e-06,0.00010415
